"metabolite","X1","X2","X3","Assigned_Cluster","super_pathway","sub_pathway","Challenge"
"1-docosahexaenoyl-gpe (22:6)",0.382934886474864,0.287625413425287,0.32943970009985,1,"Lipids","Lysolipid","Fasting"
"1-linoleoyl-gpe (18:2)",0.296892478630345,0.386645643871374,0.316461877498281,2,"Lipids","Lysolipid","Fasting"
"10-undecenoate (11:1n1)",0.435677216329593,0.255740087902284,0.308582695768123,1,"Lipids","Medium Chain Fatty Acid","Fasting"
"13-hode + 9-hode",0.381535690274927,0.288628518583211,0.329835791141861,1,"Lipids","Fatty Acid, Monohydroxy","Fasting"
"15-methylpalmitate",0.392027318071111,0.281370990724772,0.326601691204117,1,"Lipids","Fatty Acid, Branched","Fasting"
"16-hydroxypalmitate",0.414845287326374,0.2672653684848,0.317889344188826,1,"Lipids","Fatty Acid, Monohydroxy","Fasting"
"17-methylstearate",0.399735833777547,0.276382484277117,0.323881681945336,1,"Lipids","Fatty Acid, Branched","Fasting"
"2-hydroxy-3-methylvalerate",0.301739310616125,0.331309522038628,0.366951167345247,3,"Amino Acids","Leucine, Isoleucine and Valine Metabolism","Fasting"
"2-hydroxybutyrate/2-hydroxyisobutyrate",0.472084739313738,0.237338356950919,0.290576903735344,1,"Amino Acids","Methionine, Cysteine, SAM and Taurine Metabolism","Fasting"
"2,3-dihydroxyisovalerate",0.269508981300712,0.429224442353255,0.301266576346033,2,"Xenobiotics","Food Component/Plant","Fasting"
"3-(4-hydroxyphenyl)lactate",0.246814879292859,0.479724507916583,0.273460612790558,2,"Amino Acids","Phenylalanine and Tyrosine Metabolism","Fasting"
"3-aminoisobutyrate",0.386548907231596,0.285086626580516,0.328364466187888,1,"Nucleotides","Pyrimidine Metabolism, Thymine containing","Fasting"
"3-hydroxy-3-methylglutarate",0.296638306561842,0.387081490292048,0.316280203146111,2,"Lipids","Mevalonate Metabolism","Fasting"
"3-hydroxybutyrate (bhba)",0.424268794549958,0.261927890146281,0.313803315303761,1,"Lipids","Ketone Bodies","Fasting"
"3-hydroxybutyrylcarnitine (1)",0.440889872755555,0.252995088388634,0.306115038855811,1,"Lipids","Fatty Acid Metabolism (Acyl Carnitine)","Fasting"
"3-hydroxybutyrylcarnitine (2)",0.387099903481967,0.262428818609698,0.350471277908335,1,"Lipids","Fatty Acid Metabolism (Acyl Carnitine)","Fasting"
"3-hydroxydecanoate",0.267107013118792,0.233545556706324,0.499347430174883,3,"Lipids","Fatty Acid, Monohydroxy","Fasting"
"3-hydroxyhippurate",0.325576967992224,0.2636008046858,0.410822227321976,3,"Xenobiotics","Benzoate Metabolism","Fasting"
"3-hydroxylaurate",0.562892926310415,0.195210637685303,0.241896436004282,1,"Lipids","Fatty Acid, Monohydroxy","Fasting"
"3-hydroxymyristate",0.393529942052174,0.28037772746231,0.326092330485515,1,"Lipids","Fatty Acid, Monohydroxy","Fasting"
"3-hydroxyoctanoate",0.196177932436974,0.587527673244782,0.216294394318244,2,"Lipids","Fatty Acid, Monohydroxy","Fasting"
"3-hydroxypyridine sulfate",0.323370010975308,0.2630304073306,0.413599581694092,3,"Xenobiotics","Chemical","Fasting"
"3-indoxyl sulfate",0.299748434053047,0.381802236535328,0.318449329411625,2,"Amino Acids","Tryptophan Metabolism","Fasting"
"3-methyl-2-oxobutyrate",0.331005990496462,0.264792923439552,0.404201086063986,3,"Amino Acids","Leucine, Isoleucine and Valine Metabolism","Fasting"
"3-methyl-2-oxovalerate",0.295572818145107,0.28268048450781,0.421746697347083,3,"Amino Acids","Leucine, Isoleucine and Valine Metabolism","Fasting"
"3-phenylpropionate (hydrocinnamate)",0.272710047848075,0.421772450287469,0.305517501864456,2,"Amino Acids","Phenylalanine and Tyrosine Metabolism","Fasting"
"4-androsten-3alpha,17alpha-diol monosulfate (2)",0.28995308518532,0.377893910617841,0.332153004196839,2,"Lipids","Steroid","Fasting"
"4-androsten-3beta,17beta-diol monosulfate (1)",0.252379509182928,0.22313529807905,0.524485192738022,3,"Lipids","Steroid","Fasting"
"4-hydroxyhippurate",0.276369947044445,0.423984077666035,0.299645975289521,2,"Xenobiotics","Benzoate Metabolism","Fasting"
"4-methyl-2-oxopentanoate",0.361061741665617,0.266398279049743,0.37253997928464,3,"Amino Acids","Leucine, Isoleucine and Valine Metabolism","Fasting"
"5-dodecenoate (12:1n7)",0.375189771204527,0.293331735584213,0.331478493211261,1,"Lipids","Medium Chain Fatty Acid","Fasting"
"acetoacetate",0.482405189332919,0.232367113837501,0.285227696829579,1,"Lipids","Ketone Bodies","Fasting"
"acetylcarnitine",0.335614985819182,0.265573307598863,0.398811706581955,3,"Lipids","Fatty Acid Metabolism (Acyl Carnitine)","Fasting"
"adipoylcarnitine",0.47146982548657,0.233764216367364,0.294765958146066,1,"Lipids","Fatty Acid Metabolism (Acyl Carnitine)","Fasting"
"alanine",0.175816807546711,0.630516200891729,0.193666991561561,2,"Amino Acids","Alanine and Aspartate Metabolism","Fasting"
"alpha-hydroxyisocaproate",0.359850053317207,0.266478882249413,0.37367106443338,3,"Amino Acids","Leucine, Isoleucine and Valine Metabolism","Fasting"
"alpha-ketobutyrate",0.531288615498443,0.208455499962726,0.260255884538831,1,"Amino Acids","Methionine, Cysteine, SAM and Taurine Metabolism","Fasting"
"c0 (carnitine)",0.304407578473785,0.322437879832319,0.373154541693896,3,"Lipids","Carnitine Metabolism","Fasting"
"c12 (dodecanoylcarnitine)",0.328477723135269,0.332830459909701,0.338691816955029,3,"Lipids","Fatty Acid Metabolism (Acyl Carnitine)","Fasting"
"c14 (tetradecanoylcarnitine)",0.329640603439692,0.332977955209107,0.337381441351201,3,"Lipids","Fatty Acid Metabolism (Acyl Carnitine)","Fasting"
"c14:1 (tetradecenoylcarnitine)",0.322891539840774,0.331697926239213,0.345410533920014,3,"Lipids","Fatty Acid Metabolism (Acyl Carnitine)","Fasting"
"c14:1-oh (hydroxytetradecenoylcarnitine)",0.320352446564408,0.330931141746693,0.348716411688898,3,"Lipids","Fatty Acid Metabolism (Acyl Carnitine)","Fasting"
"c14:2 (tetradecadienylcarnitine)",0.316573350215099,0.329483210371853,0.353943439413049,3,"Lipids","Fatty Acid Metabolism (Acyl Carnitine)","Fasting"
"c16:2 (hexadecadienylcarnitine)",0.322527078370945,0.331597885995799,0.345875035633257,3,"Lipids","Fatty Acid Metabolism (Acyl Carnitine)","Fasting"
"c18:1 (octadecenoylcarnitine)",0.312484877321521,0.327503558384747,0.360011564293732,3,"Lipids","Fatty Acid Metabolism (Acyl Carnitine)","Fasting"
"c2 (acetylcarnitine)",0.320320526939246,0.330920456221552,0.348759016839202,3,"Lipids","Fatty Acid Metabolism (Acyl Carnitine)","Fasting"
"c3 (propionylcarnitine)",0.323088526704231,0.332255408586641,0.344656064709128,3,"Lipids","Fatty Acid Metabolism (also BCAA Metabolism)","Fasting"
"c4 (butyrylcarnitine)",0.320547844844852,0.331527552192113,0.347924602963034,3,"Lipids","Fatty Acid Metabolism (also BCAA Metabolism)","Fasting"
"caprate (10:0)",0.380190034330453,0.289604376008805,0.330205589660743,1,"Lipids","Medium Chain Fatty Acid","Fasting"
"choline",0.349902423095468,0.266715506501248,0.383382070403284,3,"Lipids","Phospholipid Metabolism","Fasting"
"cis-aconitate",0.273694981546096,0.419452674149878,0.306852344304026,2,"Energy","TCA Cycle","Fasting"
"cortisol",0.286321184214257,0.387963383285954,0.325715432499788,2,"Lipids","Steroid","Fasting"
"deoxycholate",0.297587725245393,0.385457410264809,0.316954864489798,2,"Lipids","Secondary Bile Acid Metabolism","Fasting"
"dodecanedioate",0.637050213535683,0.161803392763751,0.201146393700566,1,"Lipids","Fatty Acid, Dicarboxylate","Fasting"
"dopamine sulfate (2)",0.309756071602033,0.365666719177723,0.324577209220244,2,"Amino Acids","Phenylalanine and Tyrosine Metabolism","Fasting"
"gamma-glutamylglycine",0.251707522433317,0.223891427287271,0.524401050279412,3,"Peptides","Gamma-glutamyl Amino Acid","Fasting"
"gamma-glutamyltryptophan",0.393276135107613,0.260971774186885,0.345752090705503,1,"Peptides","Gamma-glutamyl Amino Acid","Fasting"
"glycerol",0.407516396665769,0.257054941416412,0.335428661917819,1,"Lipids","Glycerolipid Metabolism","Fasting"
"hexadecanedioate",0.48272333610819,0.22914316276817,0.28813350112364,1,"Lipids","Fatty Acid, Dicarboxylate","Fasting"
"hippurate",0.299918794708191,0.295416363728204,0.404664841563605,3,"Xenobiotics","Benzoate Metabolism","Fasting"
"indoleacetylglutamine",0.279483475647637,0.405494521175007,0.315022003177357,2,"Amino Acids","Tryptophan Metabolism","Fasting"
"indolepropionate",0.390020176468819,0.261760279537472,0.34821954399371,1,"Amino Acids","Tryptophan Metabolism","Fasting"
"isobutyrylcarnitine",0.295377454351913,0.389254846744539,0.315367698903548,2,"Amino Acids","Leucine, Isoleucine and Valine Metabolism","Fasting"
"laurate (12:0)",0.381031387034714,0.288992937726803,0.329975675238483,1,"Lipids","Medium Chain Fatty Acid","Fasting"
"lysopc a c14:0",0.323706285309824,0.331909592582537,0.344384122107639,3,"Lipids","Lysolipid","Fasting"
"lysopc a c16:1",0.325380731520682,0.332293529394934,0.342325739084384,3,"Lipids","Lysolipid","Fasting"
"lysopc a c18:2",0.325754828117507,0.332825629453979,0.341419542428514,3,"Lipids","Lysolipid","Fasting"
"lysopc a c20:4",0.320088481837441,0.330841988839569,0.34906952932299,3,"Lipids","Lysolipid","Fasting"
"malate",0.201860665376973,0.575934485228594,0.222204849394433,2,"Energy","TCA Cycle","Fasting"
"methyl-4-hydroxybenzoate sulfate",0.302555633924385,0.31419806141718,0.383246304658434,3,"Xenobiotics","Benzoate Metabolism","Fasting"
"methylmalonate (mma)",0.233125768737906,0.510827655360281,0.256046575901813,2,"Lipids","Fatty Acid Metabolism (also BCAA Metabolism)","Fasting"
"myristoleoylcarnitine",0.543402606806598,0.203179219091705,0.253418174101697,1,"Lipids","Fatty Acid Metabolism (Acyl Carnitine)","Fasting"
"myristoylcarnitine",0.370131587567563,0.297278422237852,0.332589990194585,1,"Lipids","Fatty Acid Metabolism (Acyl Carnitine)","Fasting"
"n-acetylglutamate",0.307552609694743,0.369102308183803,0.323345082121455,2,"Amino Acids","Glutamate Metabolism","Fasting"
"n-acetylglycine",0.39511633762936,0.279340423715476,0.325543238655163,1,"Amino Acids","Glycine, Serine and Threonine Metabolism","Fasting"
"n-acetylkynurenine (2)",0.265478196413175,0.438448766776186,0.296073036810638,2,"Amino Acids","Tryptophan Metabolism","Fasting"
"n-acetyltryptophan",0.246711883608808,0.482902098412303,0.270386017978889,2,"Amino Acids","Tryptophan Metabolism","Fasting"
"o-methylcatechol sulfate",0.300813546657633,0.380021871949449,0.319164581392918,2,"Xenobiotics","Benzoate Metabolism","Fasting"
"octadecanedioate",0.41876594088504,0.253515160315665,0.327718898799295,1,"Lipids","Fatty Acid, Dicarboxylate","Fasting"
"oleoylcarnitine",0.361456730809867,0.266369709543274,0.372173559646859,3,"Lipids","Fatty Acid Metabolism (Acyl Carnitine)","Fasting"
"ornithine",0.428079810951638,0.250350167432891,0.32157002161547,1,"Amino Acids","Urea cycle; Arginine and Proline Metabolism","Fasting"
"palmitoylcarnitine",0.366083599483852,0.300577768414944,0.333338632101204,1,"Lipids","Fatty Acid Metabolism (Acyl Carnitine)","Fasting"
"pc aa c36:1",0.310840013357352,0.327054204272768,0.362105782369881,3,"Lipids","Diacylphosphatidylcholine","Fasting"
"pc aa c36:2",0.325959351964088,0.332861332306072,0.34117931572984,3,"Lipids","Diacylphosphatidylcholine","Fasting"
"phenylacetylcarnitine",0.289466722774801,0.399681680035928,0.310851597189272,2,"Amino Acids","Phenylalanine and Tyrosine Metabolism","Fasting"
"phenyllactate (pla)",0.258501375124345,0.454099956758918,0.287398668116737,2,"Amino Acids","Phenylalanine and Tyrosine Metabolism","Fasting"
"phosphate",0.41959045941776,0.253242835274895,0.327166705307344,1,"Energy","Oxidative Phosphorylation","Fasting"
"piperine",0.292000067937441,0.249693383761448,0.45830654830111,3,"Xenobiotics","Food Component/Plant","Fasting"
"pregnenolone sulfate",0.2565798187476,0.458356109990641,0.285064071261759,2,"Lipids","Steroid","Fasting"
"pro-hydroxy-pro",0.54271671163171,0.2034787580993,0.25380453026899,1,"Amino Acids","Urea cycle; Arginine and Proline Metabolism","Fasting"
"proline",0.32249307475091,0.332101144812223,0.345405780436867,3,"Amino Acids","Urea cycle; Arginine and Proline Metabolism","Fasting"
"propionylcarnitine",0.268962558502001,0.438304062655846,0.292733378842153,2,"Lipids","Fatty Acid Metabolism (also BCAA Metabolism)","Fasting"
"pyruvate",0.294276610143556,0.391167499020341,0.314555890836103,2,"Carbohydrates","Glycolysis, Gluconeogenesis, and Pyruvate Metabolism","Fasting"
"sebacate (decanedioate)",0.389256865012494,0.261938647242549,0.348804487744957,1,"Lipids","Fatty Acid, Dicarboxylate","Fasting"
"suberoyl carnitine",0.434853982879676,0.256177960326886,0.308968056793438,1,"Lipids","Fatty Acid Metabolism (Acyl Carnitine)","Fasting"
"tetradecanedioate",0.472833229932975,0.236975085990095,0.29019168407693,1,"Lipids","Fatty Acid, Dicarboxylate","Fasting"
"trans-urocanate",0.395972700971007,0.260286258351587,0.343741040677406,1,"Amino Acids","Histidine Metabolism","Fasting"
"trigonelline (n'-methylnicotinate)",0.433785228760274,0.256748289942806,0.30946648129692,1,"Cofactors and Vitamins","Nicotinate and Nicotinamide Metabolism","Fasting"
"urea",0.290536269294423,0.376204670475087,0.33325906023049,2,"Amino Acids","Urea cycle; Arginine and Proline Metabolism","Fasting"
"xanthine",0.672179455664396,0.146185552682935,0.18163499165267,1,"Nucleotides","Purine Metabolism, (Hypo)Xanthine/Inosine containing","Fasting"
"xanthurenate",0.282624536724473,0.397619387832477,0.319756075443049,2,"Amino Acids","Tryptophan Metabolism","Fasting"
