"1","2","3","4","5","6","7","8","Metabolite"
0.151534142673767,0.151535931606498,0.0444173562510038,0.151535159097642,0.151533418184998,0.0463830788527987,0.151529803906899,0.151531109426393,"X1..1.enyl.oleoyl..GPC..P.18.1...P..nt.ms."
0.156189362530173,0.15618289124257,0.0385075593069119,0.156185692378044,0.156191873641546,0.0243379462358317,0.156204272910956,0.156200401753967,"X1..1.enyl.oleoyl..GPE..P.18.1...P..nt.ms."
0.152772265564365,0.152764972184088,0.0365346131590357,0.1527681296359,0.152775078218976,0.0468112537912779,0.152788955819242,0.152784731627115,"X1..1.enyl.palmitoyl..GPC..P.16.0...P..nt.ms."
0.156262948711697,0.156248303621905,0.0363368984136767,0.156254641042844,0.156268655336028,0.026043747131526,0.15629687232186,0.156287933420463,"X1..1.enyl.palmitoyl..GPE..P.16.0...P..nt.ms."
0.156286178243665,0.156278389299509,0.0331219027376746,0.156281760645343,0.156289202215675,0.0291389583440705,0.156304138590522,0.156299469923541,"X1..1.enyl.stearoyl..GPC..P.18.0...P..nt.ms."
0.155755288717941,0.155746193034951,0.0371750495710421,0.155750129790286,0.155758820560714,0.0282674434968487,0.155776266622842,0.155770808205375,"X1..1.enyl.stearoyl..GPE..P.18.0...P..nt.ms."
0.155680956016872,0.155677388250629,0.0432958791849045,0.155678931887674,0.155682361497146,0.0226081256524585,0.15568932417085,0.155687033339466,"X1.adrenoyl.GPC..22.4...P..nt.ms."
0.154220659185168,0.1542179471661,0.0541893338996467,0.154219120189422,0.154221739665534,0.0204788256734926,0.154227103401966,0.154225270818671,"X1.arachidonoyl.GPC..20.4n6...P..nt.ms."
0.153345402034637,0.153337838073566,0.0583712185053553,0.153341110729892,0.153348368681141,0.0215347130072359,0.153363055130813,0.153358293837359,"X1.arachidonoyl.GPE..20.4n6...P..nt.ms."
0.156719722082344,0.156713576400184,0.0405894598686333,0.156716234006666,0.15672217262586,0.0190743320157373,0.1567343405196,0.156730162480975,"X1.arachidonoyl.GPI..20.4...P..nt.ms."
0.157070449022253,0.157070467569313,0.0381017873888338,0.157070459426179,0.15707046436897,0.0194754298497633,0.157070551868238,0.15707039050645,"X1.arachidonylglycerol..20.4...P..nt.ms."
0.153811203048596,0.153800189576376,0.0531106023108944,0.15380495524644,0.153815500793027,0.0239908114506272,0.153836755140025,0.153829982434013,"X1.arachidoyl.GPC..20.0...P..nt.ms."
0.154117723347843,0.154108471485807,0.0498570569794361,0.154112475208483,0.154121330286496,0.0254102842957087,0.154139161382761,0.154133497013465,"X1.behenoyl.GPC..22.0...P..nt.ms."
0.157808417595871,0.157799896961988,0.0377990936304404,0.157803582907869,0.157811771127396,0.0153259152857283,0.157828387769851,0.157822934720856,"X1.dihomo.linolenoyl.GPC..20.3n3.or.6...P..nt.ms."
0.156853761567056,0.1568444132979,0.0405093686385382,0.156848458269559,0.156857418047766,0.0183413770789645,0.15687550790004,0.156869695200177,"X1.dihomo.linolenoyl.GPE..20.3n3.or.6...P..nt.ms."
0.156487039250225,0.156479447082256,0.0354502189309795,0.15648273309016,0.156489987731361,0.0256060248691055,0.156504553860298,0.156499995185616,"X1.dihomo.linoleoyl.GPC..20.2...P..nt.ms."
0.156927505209569,0.156917765468642,0.0406704982040959,0.156921978590473,0.156931347382502,0.0177364318848642,0.156950388866158,0.156944084393697,"X1.docosahexaenoyl.GPC..22.6...P..nt.ms."
0.158671390401967,0.158659295461307,0.0274610884008022,0.158664528095739,0.158676141701723,0.020475893466817,0.158699669665537,0.158691992806108,"X1.docosahexaenoyl.GPE..22.6...P..nt.ms."
0.157359575597818,0.157347912052539,0.0378402678882045,0.15735295763893,0.157364164932764,0.0179687767425388,0.15738690154211,0.157379443605096,"X1.docosapentaenoyl.GPC..22.5n3...P..nt.ms."
0.155269650277399,0.155267097677328,0.0489159175905924,0.155268201458441,0.155270672793042,0.0194587182097317,0.155275755183744,0.155273986809723,"X1.docosapentaenoyl.GPC..22.5n6...P..nt.ms."
0.157173120952705,0.157160351577239,0.0399485275957462,0.157165876200463,0.15717812324801,0.0169762294032306,0.157202884725831,0.157194886296775,"X1.eicosapentaenoyl.GPC..20.5...P..nt.ms."
0.1574769081063,0.157469449346951,0.0384823654407584,0.157472677133433,0.157479817470877,0.0166349602566156,0.157494200263444,0.15748962198162,"X1.eicosapentaenoyl.GPE..20.5...P..nt.ms."
0.15539914509852,0.15538979726059,0.0471340692868887,0.155393841984875,0.155402800296747,0.0204443844733129,0.155420883499382,0.155415078099685,"X1.eicosenoyl.GPC..20.1...P..nt.ms."
0.149508648157599,0.149497047304358,0.0919952814997425,0.14950206538486,0.149513211720392,0.0109195105913996,0.149535823407894,0.149528411933755,"X1.linolenoyl.GPC..18.3...P..nt.ms."
0.153277786764979,0.153264429077022,0.0683316287298658,0.153270207629282,0.153283033256992,0.0119633551072935,0.153309016213398,0.153300543221169,"X1.linoleoyl.GPC..18.2...P..nt.ms."
0.146534654154168,0.14652114125925,0.109919963960556,0.146526987014069,0.146539956368935,0.010833406563076,0.146566211285233,0.146557679394712,"X1.linoleoyl.GPE..18.2...P..nt.ms."
0.157701469950699,0.157693040600508,0.0417287289819808,0.157696686455998,0.157704808818037,0.0120380999557076,0.157721364767454,0.157715800469616,"X1.linoleoyl.GPI..18.2...P..nt.ms."
0.1563227998263,0.156318519633165,0.0460130562159348,0.156320371366846,0.156324494097598,0.0160378015974405,0.156332887256694,0.156330070006022,"X1.linoleoylglycerol..18.2...P..nt.ms."
0.157439410920673,0.157423983853267,0.0257510745024199,0.157430660259924,0.157445403268651,0.0295687090689423,0.157475014968145,0.157465743157978,"X1.margaroyl.GPC..17.0...P..nt.ms."
0.156418331225964,0.156415697875739,0.0371821305099346,0.156416838408171,0.156419339570296,0.0243005336808463,0.156424301558877,0.156422827170171,"X1.meadoyl.GPC..20.3n9...P..nt.ms."
0.155560362422643,0.155555197529433,0.0400177378910475,0.155557434849444,0.155562327500321,0.0266057526178698,0.155571988602771,0.155569198586471,"X1.methylguanidine..P..nt.ms."
0.157150955030404,0.15714209338757,0.0237738618077328,0.157145930624484,0.157154358293814,0.0332955794426373,0.15717112582757,0.157166095585787,"X1.methylhistidine..P..nt.ms."
0.159493870738396,0.159482328317857,0.0249067739273282,0.159487321849129,0.159498409809233,0.018096893414897,0.159520885120144,0.159513516823016,"X1.methylimidazoleacetate..P..nt.ms."
0.152420182372607,0.152423022775599,0.0344400400029461,0.152421795508424,0.152419047461505,0.051047167197095,0.15241339754117,0.152415347140653,"X1.methylnicotinamide..P..nt.ms."
0.152522799852879,0.152529201428538,0.0344648025370708,0.15252643468478,0.152520237373984,0.050417115519216,0.152507489478275,0.152511919125257,"X1.methylurate..P..nt.ms."
0.151189538126668,0.151196866709127,0.0394747410371908,0.151193698849198,0.151186614183521,0.0534093874808718,0.15117207829184,0.151177075321584,"X1.methylxanthine..P..nt.ms."
0.149401916241838,0.14939502737044,0.0359931130791583,0.149398011428103,0.149404531234856,0.0675763051535439,0.149417385874554,0.149413709617507,"X1.myristoyl.GPC..14.0...P..nt.ms."
0.154180737465207,0.154172083233726,0.0319625499043237,0.154175829935108,0.154184070904312,0.0429286988556255,0.154200509400995,0.154195520300702,"X1.nonadecanoyl.GPC..19.0...P..nt.ms."
0.156861505006024,0.156843940358225,0.0461735751926148,0.156851538757398,0.156868401142117,0.0126070428037773,0.156902557188089,0.156891439551756,"X1.oleoyl.GPC..18.1...P..nt.ms."
0.137268436393532,0.137255855669383,0.16707350496859,0.137261297403214,0.137273388845921,0.00927972181086286,0.137297930120709,0.137289864787788,"X1.oleoyl.GPE..18.1...P..nt.ms."
0.151833027655668,0.15182503603788,0.0724725090000484,0.151828493468374,0.151836167264904,0.0165064185164634,0.151851711720584,0.151846636336078,"X1.oleoyl.GPG..18.1...P..nt.ms."
0.154942996770349,0.154935354432504,0.0589015056956579,0.154938660059364,0.154946016562561,0.01141848172705,0.154960985817003,0.154955998935513,"X1.oleoyl.GPI..18.1...P..nt.ms."
0.15709602867404,0.157086709607402,0.0310895224545046,0.157090742740232,0.157099651724102,0.0263078561727398,0.15711755660007,0.157111932026909,"X1.palmitoleoyl.GPC..16.1...P..nt.ms."
0.155038503630154,0.155027533552167,0.0369954466519779,0.15503228151661,0.155042759648413,0.0327424576965973,0.155063784456753,0.155057232847328,"X1.palmitoyl.GPC..16.0...P..nt.ms."
0.153352862469202,0.153336636158649,0.0390438867808472,0.153343658487004,0.153359164894614,0.0407929252623966,0.153390307766388,0.1533805581809,"X1.palmitoyl.GPE..16.0...P..nt.ms."
0.153115236456991,0.1531134872205,0.0572286255552432,0.153114245559085,0.153115894680332,0.0240751650510097,0.153119117379074,0.153118228097765,"X1.palmitoyl.GPG..16.0...P..nt.ms."
0.156667357066059,0.156661579887898,0.0415105553695022,0.156664079715894,0.15666961928843,0.0184687971698334,0.156680811673447,0.156677199828937,"X1.palmitoyl.GPI..16.0...P..nt.ms."
0.158407311806802,0.158409157213831,0.0306170200250711,0.158408359486013,0.158406590104278,0.0189444039592317,0.1584030065011,0.158404150903674,"X1.palmitoylglycerol..16.0...P..nt.ms."
0.155248333919532,0.155240516895423,0.0345445526255498,0.155243900874527,0.155251353375764,0.0339433982335046,0.155266254831862,0.155261689243838,"X1.palmityl.GPC..O.16.0...P..nt.ms."
0.154628275637189,0.154616035051104,0.0277570975409209,0.154621333880195,0.154632998356308,0.0444387730049194,0.154656300082197,0.154649186447167,"X1.pentadecanoyl.GPC..15.0...P..nt.ms."
0.153153494502356,0.153140654993831,0.0421991707112739,0.153146211633277,0.153158482231557,0.0388434443451541,0.153183130354466,0.153175411228085,"X1.stearoyl.GPC..18.0...P..nt.ms."
0.150216910778727,0.150201754896755,0.0557169228242438,0.150208313751711,0.150222801291234,0.0429385997471237,0.150251915328471,0.150242781381734,"X1.stearoyl.GPE..18.0...P..nt.ms."
0.154686085567563,0.154676009307739,0.0464806316041991,0.15468036899032,0.154690030887582,0.0253740617411462,0.154709555001884,0.154703256899567,"X1.stearoyl.GPI..18.0...P..nt.ms."
0.154623266561377,0.15461346073104,0.0415190097319011,0.154617704197374,0.154627086593108,0.0307134995240734,0.154645974138016,0.154639998523112,"X1.stearyl.GPC..O.18.0...P..nt.ms."
0.149723495677521,0.14972827639727,0.0380051875813857,0.14972621068162,0.14972157299664,0.0636678867078104,0.14971199679862,0.149715373159133,"X1.3.dimethylurate..P..nt.ms."
0.153788911193951,0.153789350385985,0.043102750404754,0.153789162598994,0.153788698013816,0.0341653551905749,0.153787591945326,0.153788180266598,"X1.3.7.trimethylurate..P..nt.ms."
0.14975542619217,0.149751379573154,0.0732302655621581,0.149753131209721,0.149756995961153,0.0282257180308823,0.149764748419181,0.14976233505158,"X1.5.anhydroglucitol..1.5.AG...P..nt.ms."
0.154551488451315,0.154555415429287,0.0404840812791998,0.154553718369108,0.15454991280271,0.0322185022884249,0.154542068777131,0.154544812602826,"X1.6.anhydroglucose..P..nt.ms."
0.153807580120517,0.153812639636551,0.0360189540482717,0.153810453661069,0.15380554078561,0.0411504645508842,0.153795379189236,0.153798988007862,"X1.7.dimethylurate..P..nt.ms."
0.160527861051098,0.160520726536325,0.027248744733505,0.160523812340841,0.160530692325133,0.00956343706637657,0.160544736566514,0.160539989380207,"X10.undecenoate..11.1n1...P..nt.ms."
0.154921010085235,0.154903990571462,0.0517386838647727,0.154911353402698,0.154927683273881,0.0186865345425203,0.154960725616956,0.154950018642475,"X11.ketoetiocholanolone.glucuronide..P..nt.ms."
0.158743877959667,0.158751263909369,0.0316321483248041,0.158748067142756,0.158741033595577,0.0159253726018644,0.158726993112172,0.158731243353791,"X12.HETE..P..nt.ms."
0.159710358316072,0.159711320601719,0.0225973695429439,0.159710903077867,0.159710031582065,0.0191428949596962,0.159708452907892,0.159708669011746,"X13.HODE...9.HODE..P..nt.ms."
0.161785382582266,0.161783180602996,0.0165860405612762,0.161784131976783,0.161786296727425,0.0126950144869575,0.161790863618158,0.161789089444139,"X15.methylpalmitate..P..nt.ms."
0.159578628612544,0.159584041250796,0.0256910655068633,0.159581697403427,0.159576581987046,0.0168521268840363,0.159566515580972,0.159569342774315,"X16.hydroxypalmitate..P..nt.ms."
0.149948461567422,0.149947010066407,0.0591299595485406,0.1499476380358,0.149949035826094,0.041175084622275,0.149951881288099,0.149950929045363,"X16a.hydroxy.DHEA.3.sulfate..P..nt.ms."
0.161392578459317,0.161390477066053,0.0177620379237394,0.161391384850414,0.161393456674373,0.0138761076259785,0.161397847894499,0.161396109505625,"X17.methylstearate..P..nt.ms."
0.154086053995858,0.154086263510575,0.0416963323076425,0.15408617433759,0.154085942849826,0.0337881666577444,0.15408535749292,0.154085708847845,"X17alpha.hydroxypregnanolone.glucuronide..P..nt.ms."
0.155341061327826,0.155341644161043,0.0434953679665633,0.15534139295883,0.155340819431997,0.0244600453088625,0.155339600867421,0.155340067977457,"X17alpha.hydroxypregnenolone.sulfate..P..nt.ms."
0.14893101421896,0.14893409676492,0.075452221054578,0.148932763948576,0.148929797632688,0.0309705911676346,0.148923757955936,0.148925757256707,"X2.aminoadipate..P..nt.ms."
0.161433791574404,0.161429122903627,0.0232739009585513,0.161431140710022,0.161435691060985,0.00810951737051288,0.161445151018027,0.16144168440387,"X2.aminobutyrate..P..nt.ms."
0.154423982319809,0.154421801489141,0.0268301733652396,0.154422749137798,0.15442475280334,0.0466203385059727,0.154428466291975,0.154427736086726,"X2.aminoheptanoate..P..nt.ms."
0.15798639085189,0.157979294594671,0.0367913560565986,0.157982365966052,0.157989151225962,0.0152701691032096,0.158002785445272,0.157998486756344,"X2.aminooctanoate..P..nt.ms."
0.139941154781348,0.13993772464956,0.0293283107487444,0.139939212466059,0.139942415270376,0.13101557809638,0.139948560598468,0.139947043389065,"X2.aminophenol.sulfate..P..nt.ms."
0.155623328800839,0.155617508044759,0.046123586982402,0.155620025934656,0.155625628342787,0.0201196610678464,0.155637026565564,0.155633234261146,"X2.arachidonoyl.GPC..20.4...P..nt.ms."
0.156501429986938,0.156494947748213,0.0407087546335234,0.156497752644553,0.156503971176789,0.0202641305631615,0.156516544231961,0.156512469014862,"X2.arachidonoyl.GPE..20.4...P..nt.ms."
0.156699320830525,0.156687881417783,0.0398945678217947,0.156692830022393,0.156703822821096,0.019876651277222,0.156726125104525,0.15671880070466,"X2.docosahexaenoyl.GPC..22.6...P..nt.ms."
0.158601453376013,0.158589835379334,0.0263495054707817,0.158594861806181,0.158606013027609,0.0220085019450961,0.158628586383101,0.158621242611884,"X2.docosahexaenoyl.GPE..22.6...P..nt.ms."
0.159438708786757,0.159438260710047,0.0327985665838066,0.159438452915752,0.159438946943212,0.0105674777809014,0.159440173969607,0.159439412309917,"X2.hydroxy.3.methylvalerate..P..nt.ms."
0.156172321748827,0.156168842768115,0.0353049711549071,0.156170349987145,0.156173646588249,0.0276514474927073,0.156180155742372,0.156178264517677,"X2.hydroxyacetaminophen.sulfate..P..nt.ms."
0.159562163123355,0.159559190385987,0.0329125500153775,0.159560472559558,0.159563442672809,0.00970515719331785,0.159569883404506,0.15956714064509,"X2.hydroxybutyrate.2.hydroxyisobutyrate..P..nt.ms."
0.139892300905134,0.139880480434142,0.149758557225351,0.139885594005478,0.139896943104093,0.0108537577054932,0.139919930833684,0.139912435786625,"X2.hydroxydecanoate..P..nt.ms."
0.158123287847999,0.158125404664173,0.029717681078264,0.158124490067698,0.158122447269166,0.02154875685714,0.158118261179241,0.158119671036319,"X2.hydroxyglutarate..P..nt.ms."
0.146424846797154,0.146414326740661,0.110391863754828,0.146418878239537,0.146428966124864,0.0110289918793977,0.146449351760954,0.146442774702604,"X2.hydroxyoctanoate..P..nt.ms."
0.160059455602533,0.160055569360643,0.0240456000146791,0.160057250172185,0.160061013299114,0.0155863231039584,0.160068746783602,0.160066041663287,"X2.hydroxypalmitate..P..nt.ms."
0.149695226717013,0.149690072699225,0.0822951302113283,0.149692303007959,0.149697237269589,0.0195188394973913,0.149707177409287,0.149704013188209,"X2.hydroxyphenylacetate..P..nt.ms."
0.158972079238291,0.15896642626106,0.0277739438978985,0.158968871685752,0.158974319604099,0.018377253500266,0.158985423436007,0.158981682376627,"X2.hydroxystearate..P..nt.ms."
0.156247083041508,0.156236516754653,0.0490975267242202,0.156241088004852,0.156251232780105,0.013389697658012,0.156271778398143,0.156265076638507,"X2.linoleoyl.GPC..18.2...P..nt.ms."
0.15305391575792,0.153041137188473,0.0694144401681892,0.153046665685227,0.153058925140885,0.0122255088227637,0.153083720668982,0.15307568656756,"X2.linoleoyl.GPE..18.2...P..nt.ms."
0.154861175616084,0.154859499729554,0.0521258108764312,0.154860225192308,0.154861837575352,0.0187023259354729,0.154865109147891,0.154864015926907,"X2.linoleoylglycerol..18.2...P..nt.ms."
0.158332343915393,0.158333695562913,0.0335402310516347,0.158333112186014,0.158331801971096,0.0164696965280609,0.158329089463387,0.158330029321502,"X2.methylbutyrylcarnitine..C5...P..nt.ms."
0.157045395410488,0.15703407801453,0.0385598871364395,0.157038974821243,0.157049818943064,0.0191354586747934,0.157071702158481,0.157064684840961,"X2.methylmalonyl.carnitine..P..nt.ms."
0.149598227406418,0.14959249761662,0.0364505928140332,0.149594980156675,0.149600390345933,0.0659442589238613,0.149611009090601,0.149608043645858,"X2.myristoyl.GPC..14.0...P..nt.ms."
0.157667573441816,0.157653465069811,0.038135079246804,0.157659568769306,0.157673106601487,0.0158190926737759,0.157700500435371,0.157691613761628,"X2.oleoyl.GPC..18.1...P..nt.ms."
0.142845191835813,0.142832902919898,0.131364468718413,0.142838218671841,0.142850025931854,0.0115290921039215,0.142873975823378,0.142866123994882,"X2.oleoyl.GPE..18.1...P..nt.ms."
0.157373036046488,0.157366301006995,0.0300860435907996,0.157369216293212,0.157375648893282,0.0256566791948308,0.157388549726463,0.15738452524793,"X2.palmitoyl.GPC..16.0...P..nt.ms."
0.156089152287352,0.156078139214274,0.0308934899731454,0.15608290596688,0.156093423521086,0.0325404307390455,0.15611451536782,0.156107942930397,"X2.palmitoyl.GPE..16.0...P..nt.ms."
0.15299337765745,0.152991160444237,0.0368233903884016,0.152992121953612,0.152994202956451,0.0452103440272408,0.152998232888155,0.152997169684453,"X2.piperidinone..P..nt.ms."
0.1580819120985,0.158079438173332,0.0318551979884136,0.158080509385554,0.158082871566911,0.0196463448046069,0.158087601958386,0.158086124024296,"X2.pyrrolidinone..P..nt.ms."
0.15602936085924,0.156023808353569,0.0376314475582122,0.156026212050109,0.15603151018657,0.0261767093637809,0.156042116488816,0.156038835139702,"X2.stearoyl.GPE..18.0...P..nt.ms."
0.151010926020509,0.151004827384529,0.0587599434100329,0.15100746860271,0.15101325280097,0.0351575290816192,0.151024700325436,0.151021352374194,"X2.3.dihydroxyisovalerate..P..nt.ms."
0.155753342795218,0.155748477774932,0.0414843753355191,0.155750584032975,0.155755224166143,0.0239818558213524,0.155764501872961,0.155761638200899,"X2..deoxyuridine..P..nt.ms."
0.157764662424372,0.157765991459225,0.0341218862237145,0.157765416840658,0.157764145880972,0.0192939323812723,0.157761582820944,0.157762381968842,"X21.hydroxypregnenolone.disulfate..P..nt.ms."
0.154231220470354,0.154239423092935,0.0531150242543084,0.154235874533637,0.154228012454346,0.0215210830757883,0.154212131672908,0.154217230445723,"X21.hydroxypregnenolone.monosulfate..1...P..nt.ms."
0.153428531726105,0.153421043713056,0.0340727848052485,0.153424286188725,0.153431405290517,0.0453350679640645,0.153445558951508,0.153441321360776,"X3..3.hydroxyphenyl.propionate..P..nt.ms."
0.159083356601901,0.159075588952202,0.0355558818554373,0.159078948064724,0.159086450848424,0.00992141701269613,0.159101808536209,0.159096548128406,"X3..4.hydroxyphenyl.lactate..P..nt.ms."
0.16148000278533,0.161483259775002,0.0170906823254644,0.161481849284526,0.161478785188511,0.014038223584138,0.161472802290837,0.16147439476619,"X3.aminoisobutyrate..P..nt.ms."
0.158388443820924,0.158382903083482,0.0349008105103487,0.158385300194466,0.15839062724728,0.0147526058066433,0.15840144028553,0.158397869051327,"X3.carboxy.4.methyl.5.propyl.2.furanpropanoate..CMPF...P..nt.ms."
0.161106599736474,0.161099229226838,0.0227059810096298,0.161102416452497,0.161109545513661,0.0106329478980347,0.161124173035299,0.161119107127565,"X3.hydroxy.2.ethylpropionate..P..nt.ms."
0.149399408632752,0.149392408460326,0.0887148450796868,0.149395437085225,0.149402154464593,0.0148686736363441,0.14941574349401,0.149411329147063,"X3.hydroxy.3.methylglutarate..P..nt.ms."
0.160345408149547,0.16034028480746,0.026464998212628,0.160342498160325,0.160347512555021,0.0114472218180719,0.160358017018302,0.160354059278645,"X3.hydroxybutyrate..BHBA...P..nt.ms."
0.161189780920289,0.161185145605485,0.0235330868503614,0.16118714764506,0.161191699931564,0.00931425311819876,0.161201290905236,0.161197595023806,"X3.hydroxybutyrylcarnitine..1...P..nt.ms."
0.160831481561838,0.160827139593234,0.0246304784274266,0.160829014611458,0.160833286414971,0.0103674864892315,0.160842315203897,0.160838797697943,"X3.hydroxybutyrylcarnitine..2...P..nt.ms."
0.154367722044354,0.154367497629046,0.0470686683749185,0.154367595678904,0.154367798374922,0.0267244591561315,0.154368156127871,0.154368102613853,"X3.hydroxycotinine.glucuronide..P..nt.ms."
0.159714882524495,0.159713040039738,0.0307202168537091,0.159713835084644,0.159715677286847,0.0109847156360758,0.159719673072326,0.159717959502165,"X3.hydroxydecanoate..P..nt.ms."
0.152644631253629,0.15263860353869,0.0351051313438481,0.152641214766971,0.152646919768341,0.0490103976850832,0.152658163191697,0.152654938451741,"X3.hydroxyhippurate..P..nt.ms."
0.158975891879076,0.158973908196787,0.0354711186674796,0.158974763815073,0.158976749976959,0.0106672944530984,0.158981068562907,0.158979204448619,"X3.hydroxyisobutyrate..P..nt.ms."
0.159370458854698,0.159368664474643,0.0297182048656505,0.159369439170081,0.159371223124556,0.0140534892214277,0.159375057047372,0.159373463241571,"X3.hydroxylaurate..P..nt.ms."
0.161106280863347,0.161105536244835,0.0218145579461676,0.161105856532361,0.161106642056938,0.011545149135825,0.161108487894136,0.16110748932639,"X3.hydroxymyristate..P..nt.ms."
0.157127257016415,0.157123576364245,0.0466415074775049,0.157125167105202,0.157128754008996,0.0105840445748939,0.157136211024001,0.157133482428743,"X3.hydroxyoctanoate..P..nt.ms."
0.15373945033741,0.153736703363143,0.0510281762609358,0.153737892344441,0.153740519581427,0.0265273246901266,0.1537458012455,0.153744132177017,"X3.hydroxypropanoate..P..nt.ms."
0.147482879667655,0.14748717173621,0.0626925797387647,0.147485317433559,0.147481149971022,0.0524227896490912,0.147472527420328,0.147475584383371,"X3.hydroxypyridine.sulfate..P..nt.ms."
0.157241670471801,0.157241310918615,0.0342862124057974,0.157241465473773,0.157241854059549,0.0222624518820395,0.157242794723046,0.157242240065379,"X3.hydroxysebacate..P..nt.ms."
0.149755989717477,0.149757542391976,0.0652308190709444,0.149756872911035,0.149755330786834,0.0362380657002435,0.149752010903237,0.149753368518253,"X3.indoxyl.sulfate..P..nt.ms."
0.15493784353316,0.154937510881709,0.0446271874945901,0.154937656126732,0.154937954355888,0.025744962412566,0.15493847338997,0.154938411805385,"X3.methoxycatechol.sulfate..1...P..nt.ms."
0.159093617716585,0.159078455963675,0.0263598496902254,0.159085016238894,0.159099545530991,0.0190351817199415,0.159128871480268,0.159119461659421,"X3.methoxytyrosine..P..nt.ms."
0.146652310688519,0.146661543843063,0.0369927397368468,0.146657551830179,0.146648642119187,0.0831201913995677,0.146630421824687,0.146636598557951,"X3.methyl.catechol.sulfate..1...P..nt.ms."
0.158223884132114,0.158220443357131,0.0358213961970876,0.158221930693752,0.15822528594941,0.0148250982012646,0.158232265453291,0.15822969601595,"X3.methyl.2.oxobutyrate..P..nt.ms."
0.158859281385896,0.158852948577073,0.0375539037577741,0.158855686501894,0.15886182801786,0.00927184750943727,0.158874487996172,0.158870016253894,"X3.methyl.2.oxovalerate..P..nt.ms."
0.156429828840649,0.156421622924733,0.0433519726898107,0.156425174152092,0.156433029857814,0.018045704127556,0.156448852553489,0.156443814853856,"X3.methylcytidine..P..nt.ms."
0.157579807600549,0.15756069572327,0.0379471478745082,0.157568965275191,0.157587263959678,0.0165195747033366,0.157624143271487,0.157612401591979,"X3.methylglutarylcarnitine..2...P..nt.ms."
0.1447946723764,0.144796008654474,0.0296048194495649,0.144795434718251,0.144794060185315,0.101631632166333,0.144790929587469,0.144792442862194,"X3.methylhistidine..P..nt.ms."
0.149263419371987,0.149250053493638,0.0954369722787502,0.149255834957054,0.149268677050209,0.00894412949109523,0.149294726720584,0.149286186636683,"X3.methylxanthine..P..nt.ms."
0.145839436370176,0.145850094248564,0.0304790176869385,0.145845486384989,0.145835192901772,0.0945153551385603,0.145814110256968,0.145821307012032,"X3.phenylpropionate..hydrocinnamate...P..nt.ms."
0.15186433159249,0.151859492103933,0.0644726698567327,0.151861586504747,0.151866217522973,0.0243275814491927,0.151875538507759,0.151872582462173,"X3.phosphoglycerate..P..nt.ms."
0.158741654833668,0.158736795096625,0.0210867360889061,0.158738899180676,0.158743538736506,0.0264496121585283,0.158752829973057,0.158749933932033,"X3.ureidopropionate..P..nt.ms."
0.155295863841525,0.155291375889822,0.0550184918064345,0.155293316539085,0.155297652184086,0.0131932809871941,0.155306531495234,0.15530348725662,"X3.4.methyleneheptanoate..P..nt.ms."
0.156508535608931,0.156496283758435,0.0486628468157342,0.156501583830145,0.156513349443037,0.0122508064245868,0.156537190655237,0.156529403463894,"X3.4.methyleneheptanoylcarnitine..P..nt.ms."
0.15150120064479,0.151492077623962,0.0814169825358823,0.151496023769703,0.151504796896962,0.00954956896855034,0.151522618153004,0.151516731407147,"X3.7.dimethylurate..P..nt.ms."
0.144452195185741,0.144449158514708,0.103186309192453,0.144450472511454,0.144453387325305,0.0300918234323136,0.144459287368057,0.144457366469968,"X3b.hydroxy.5.cholenoic.acid..P..nt.ms."
0.157071711311703,0.157086175515518,0.0382478917851397,0.157079916970997,0.157066080846402,0.019362961293581,0.157038236717718,0.157047025558941,"X3beta.7alpha.dihydroxy.5.cholestenoate..P..nt.ms."
0.155560537431375,0.155548960253396,0.0489340867549469,0.155553969942426,0.155565056394143,0.0176697040017567,0.155587405349797,0.15558027987216,"X4.acetamidobutanoate..P..nt.ms."
0.153655741112857,0.153653122032388,0.0573608237056298,0.153654255931974,0.153656754653656,0.0206973423032016,0.153661753719864,0.15366020654043,"X4.acetamidophenol..P..nt.ms."
0.156517079766064,0.156511154848498,0.038348122980515,0.156513719639931,0.156519374640387,0.0225326639458168,0.156530699625115,0.156527184553673,"X4.acetamidophenylglucuronide..P..nt.ms."
0.156392005966933,0.156386654696327,0.0388205211384609,0.156388971479269,0.156394073366064,0.0228123706612856,0.156404268614279,0.156401134077381,"X4.acetaminophen.sulfate..P..nt.ms."
0.154073548301932,0.154068653894512,0.0457583685156346,0.154070772330935,0.154075449413875,0.029786475375517,0.154084838017191,0.154081894150404,"X4.acetylphenol.sulfate..P..nt.ms."
0.154494035922705,0.154501491360355,0.0293942641238387,0.154498268782104,0.154491060983676,0.0436632555556534,0.15447626853353,0.154481354738138,"X4.allylphenol.sulfate..P..nt.ms."
0.151720616285556,0.151726764566314,0.0429057311009146,0.151724106400386,0.151718169610452,0.0467884383192862,0.151706015572201,0.15171015814489,"X4.androsten.3alpha.17alpha.diol.monosulfate..2...P..nt.ms."
0.158992825707255,0.158973574816881,0.0304260193861056,0.1589819042779,0.159000346475778,0.0155621280442694,0.15903755236169,0.159025648930122,"X4.androsten.3alpha.17alpha.diol.monosulfate..3...P..nt.ms."
0.158221213996556,0.158216456919409,0.0286886869761728,0.15821851659345,0.158223050170182,0.0219706433751383,0.158232102169772,0.15822932979932,"X4.androsten.3beta.17beta.diol.disulfate..1...P..nt.ms."
0.159108297888839,0.159112417427911,0.0253799349203246,0.15911063497914,0.159106703855532,0.0199819377410317,0.15909882269174,0.159101250495482,"X4.androsten.3beta.17beta.diol.disulfate..2...P..nt.ms."
0.159724843560326,0.159733636664598,0.02422554095343,0.159729832200512,0.159721419804036,0.0174504106568682,0.159704483732798,0.159709832427431,"X4.androsten.3beta.17beta.diol.monosulfate..1...P..nt.ms."
0.155168891473749,0.155166511102046,0.035942455734176,0.155167543049072,0.155169782851736,0.0330376991218669,0.155174146636397,0.155172970030958,"X4.androsten.3beta.17beta.diol.monosulfate..2...P..nt.ms."
0.156960087836464,0.156950043589961,0.0323946297541983,0.156954389724791,0.156964012061901,0.0258162206100293,0.156983418080341,0.156977198342314,"X4.ethylphenylsulfate..P..nt.ms."
0.152532795231766,0.152535298036365,0.0514874869121959,0.152534217454271,0.152531773191783,0.0333232162252938,0.15252666269529,0.152528550253034,"X4.guanidinobutanoate..P..nt.ms."
0.155764886334037,0.155757694802692,0.0444993168336781,0.1557608065287,0.155767703681627,0.0208908157432334,0.15578164225431,0.155777133821721,"X4.hydroxychlorothalonil..P..nt.ms."
0.154573878752682,0.154565887646665,0.0377708707845774,0.15456934736257,0.154576954383954,0.0347634220401931,0.154592115347627,0.154587523681733,"X4.hydroxyhippurate..P..nt.ms."
0.154782845836773,0.154780637601132,0.0483879616899532,0.154781593103833,0.154783713239053,0.022908641652653,0.154788004770053,0.15478660210655,"X4.hydroxyphenylacetate..P..nt.ms."
0.150578312008078,0.150582206815315,0.0718155517388501,0.150580522294599,0.150576780306993,0.0247257739367283,0.150569185154428,0.15057166774501,"X4.hydroxyphenylacetatoylcarnitine..P..nt.ms."
0.150090033890384,0.150085003145938,0.0837755993989149,0.150087179814208,0.15009200864994,0.0156697997164831,0.150101779821645,0.150098595562488,"X4.hydroxyphenylpyruvate..P..nt.ms."
0.156933553087257,0.156929220331563,0.0383935136586965,0.156931095453763,0.156935245455882,0.0199928323724434,0.156943609562114,0.15694093007828,"X4.imidazoleacetate..P..nt.ms."
0.159464480853847,0.159461187509306,0.0321372536677871,0.159462610693017,0.159465834790854,0.0110660126904981,0.15947258625708,0.159470033537611,"X4.methyl.2.oxopentanoate..P..nt.ms."
0.149607166914759,0.149609797352916,0.0667430377701518,0.149608661028276,0.149606102075596,0.0356217425097197,0.149600791206001,0.14960270114258,"X4.methylcatechol.sulfate..P..nt.ms."
0.136303666769562,0.136310438637779,0.0283092927621787,0.136307512003235,0.13630094974996,0.153888559766935,0.136287425059998,0.136292155250352,"X4.vinylphenol.sulfate..P..nt.ms."
0.133539205219307,0.133545474952048,0.0347367623253462,0.133542765524402,0.133536685224881,0.164046410599162,0.133524139649455,0.133528556505399,"X5.acetylamino.6.amino.3.methyluracil..P..nt.ms."
0.1432264584119,0.14324142023452,0.0327707104059548,0.143234948745884,0.143220564730634,0.107913563509931,0.143191355391745,0.143200978569431,"X5.acetylamino.6.formylamino.3.methyluracil..P..nt.ms."
0.161320981452289,0.161322306737265,0.0186223786132964,0.161321731400246,0.161320534844776,0.013455023464783,0.16131838467245,0.161318658814894,"X5.dodecenoate..12.1n7...P..nt.ms."
0.156109987381333,0.156106210691799,0.039828365971642,0.156107844255103,0.156111483797796,0.023500798164028,0.156118903364054,0.156116406374246,"X5.hydroxyhexanoate..P..nt.ms."
0.15428512878942,0.154272611943114,0.0607955560416988,0.154278026821747,0.154290043217683,0.0134578004260089,0.154314379529417,0.154306453230911,"X5.hydroxyindoleacetate..P..nt.ms."
0.159388505300552,0.159376695858598,0.0302183649544347,0.159381805968143,0.159393119645501,0.013416938940287,0.159415939842689,0.159408629489796,"X5.hydroxylysine..P..nt.ms."
0.15653077642197,0.156521763746273,0.0417616172494093,0.156525664884499,0.156534268957925,0.0190282477959714,0.156551509030555,0.156546151913397,"X5.methylthioadenosine..MTA...P..nt.ms."
0.158556979447848,0.158550376164308,0.0236504837143963,0.158553234910304,0.158559535294452,0.0249890096637665,0.158572142161583,0.158568238643342,"X5.methyluridine..ribothymidine...P..nt.ms."
0.159244450429665,0.159241893639485,0.0280784957173827,0.15924300022234,0.159245458971829,0.0164474725635704,0.159250444228281,0.159248784227446,"X5.oxoproline..P..nt.ms."
0.161155391313216,0.161157245646972,0.0206170506438597,0.161156443439419,0.161154683101418,0.0124558028082118,0.161151182095044,0.16115220095186,"X5.6.dihydrothymine..P..nt.ms."
0.158083713373907,0.158089051656545,0.0282872207314651,0.158086742734285,0.158081625825838,0.0232257629237534,0.158071284025165,0.158074598729042,"X5.6.dihydrouracil..P..nt.ms."
0.156918833537499,0.156922793202839,0.0271814829917685,0.156921082283507,0.156917245492286,0.0313171357968616,0.156909333502745,0.156912093192494,"X5alpha.androstan.3alpha..17beta.diol.17.glucosiduronate..P..nt.ms."
0.15578719215269,0.155775008329198,0.0464311098633944,0.155780279223647,0.155791973644384,0.0188108376407948,0.155815649109599,0.155807950036293,"X5alpha.androstan.3alpha.17alpha.diol.disulfate..P..nt.ms."
0.156794269038172,0.156793439137703,0.0399067568122167,0.156793798913008,0.156794587426165,0.0193253178067438,0.1567961492343,0.156795681631691,"X5alpha.androstan.3alpha.17alpha.diol.monosulfate..P..nt.ms."
0.1567391357547,0.156740537527045,0.0329506592577956,0.156739930727055,0.156738607895784,0.0266183896850101,0.156736010757917,0.156736728394693,"X5alpha.androstan.3alpha.17beta.diol.disulfate..P..nt.ms."
0.15732283400475,0.157332122279222,0.0286279603784201,0.157328105273491,0.157319175116099,0.0274617565511863,0.157301034592598,0.157307011804234,"X5alpha.androstan.3alpha.17beta.diol.monosulfate..1...P..nt.ms."
0.155457551275271,0.155458698131198,0.0411109996245663,0.15545820210715,0.155457108374068,0.0261469344741564,0.155454917672655,0.155455588340936,"X5alpha.androstan.3alpha.17beta.diol.monosulfate..2...P..nt.ms."
0.157221812109067,0.157221016322733,0.0328793851250653,0.157221361302364,0.157222126248705,0.0237874667907444,0.15722367325954,0.157223158841782,"X5alpha.androstan.3beta.17alpha.diol.disulfate..P..nt.ms."
0.154793101381883,0.154795628249381,0.0315693289287769,0.154794536112618,0.154792098736352,0.0396793922954736,0.154787115532485,0.15478879876303,"X5alpha.androstan.3beta.17beta.diol.disulfate..P..nt.ms."
0.156744007863614,0.156757154044771,0.0293452647767556,0.15675146751291,0.156738849291543,0.0302283553994752,0.156713297553901,0.15672160355703,"X5alpha.androstan.3beta.17beta.diol.monosulfate..2...P..nt.ms."
0.159006025941903,0.159019883737021,0.0298662528281554,0.159013887695242,0.159000625691861,0.0161370237130791,0.158973916931846,0.158982383460893,"X5alpha.pregnan.3.alpha.or.beta..20beta.diol.disulfate..P..nt.ms."
0.156047125170528,0.156060328678609,0.0399152915108213,0.156054615962296,0.156041977590201,0.0238395430209728,0.156016515714008,0.156024602352564,"X5alpha.pregnan.3beta.20alpha.diol.disulfate..P..nt.ms."
0.15013611169968,0.150149064542155,0.0482231763176048,0.150143460948772,0.150131043265817,0.050997157454659,0.150105955462258,0.150114030309055,"X5alpha.pregnan.3beta.20alpha.diol.monosulfate..2...P..nt.ms."
0.157885018193367,0.157907570355352,0.0335721999728724,0.157897812692951,0.157876209462584,0.0191819921596373,0.157832630820399,0.157846566342839,"X5alpha.pregnan.3beta.20beta.diol.monosulfate..1...P..nt.ms."
0.149386146283606,0.149390319732879,0.0615482556559073,0.149388516541823,0.149384459060454,0.0421471985265798,0.149376046312642,0.149379057886108,"X6.hydroxyindole.sulfate..P..nt.ms."
0.149948128488913,0.149944758800899,0.0843913585143747,0.149946216521904,0.149949463529744,0.0159101457737463,0.149956077745254,0.149953850625166,"X6.oxopiperidine.2.carboxylic.acid..P..nt.ms."
0.157718965742574,0.157715770221577,0.034752411871322,0.157717153411854,0.157720212008486,0.0189247153589045,0.157726366860563,0.15772440452472,"X7.alpha.hydroxy.3.oxo.4.cholestenoate..7.Hoca...P..nt.ms."
0.150296639609388,0.150295044200446,0.0682550988714975,0.150295735840352,0.150297236889032,0.0299607177459104,0.150300158497985,0.150299368345389,"X7.hydroxyindole.sulfate..P..nt.ms."
0.16093344598935,0.160927540370588,0.0204269798012737,0.160930096014782,0.160935763993881,0.0139554499250082,0.160947229592063,0.160943494313054,"X7.methylguanine..P..nt.ms."
0.143071615862277,0.143060130918936,0.13232774250792,0.143065098587174,0.14307613872725,0.00920954658841347,0.143098552105992,0.143091174702038,"X7.methylxanthine..P..nt.ms."
0.153357261587902,0.153352148264383,0.0679902580116076,0.1533543589463,0.153359315022248,0.0118512052575928,0.153369521645367,0.153365931264599,"X9.10.DiHOME..P..nt.ms."
0.160026954936658,0.160020501895994,0.0283012824107821,0.160023290680105,0.160029573393562,0.0115179001057157,0.160042617300854,0.160037879276329,"acetoacetate..P..nt.ms."
0.160265739638446,0.160261604316644,0.0284425337758998,0.160263390222281,0.160267454169897,0.00995053676104273,0.160276028274604,0.160272712841186,"acetylcarnitine..P..nt.ms."
0.149594502883741,0.149591976557804,0.041862006859642,0.149593071859706,0.149595445259942,0.0605641155790405,0.149600053106143,0.149598827893982,"acisoga..P..nt.ms."
0.157795199717309,0.157787829178636,0.0373823815545411,0.157791018622285,0.157798083229637,0.0158253885232567,0.157812343916278,0.157807755258057,"adenine..P..nt.ms."
0.156080311720194,0.156076856631793,0.0459100898189004,0.15607835111282,0.156081683074736,0.017598042870304,0.156088483502045,0.156086181269207,"adenosine..P..nt.ms."
0.158399547186799,0.158398598866231,0.0327146896743008,0.158399009335392,0.158399932996628,0.0168852387759574,0.158401844481149,0.158401138683543,"adenosine.3..5..cyclic.monophosphate..cAMP...P..nt.ms."
0.155382633694356,0.155379325328829,0.0455263806804754,0.155380756889359,0.15538393369472,0.0221683415240859,0.155390366124059,0.155388262064116,"adenosine.5..diphosphate..ADP...P..nt.ms."
0.151780883546917,0.151772428831027,0.0637109096452116,0.151776086414733,0.151784204817119,0.0255795479831935,0.151800653115632,0.151795285646167,"adenosine.5..monophosphate..AMP...P..nt.ms."
0.159875769059813,0.159880340428084,0.0282444334424141,0.159878360465516,0.159874052931534,0.0125135113924465,0.159865620606373,0.159867911673819,"adipoylcarnitine..P..nt.ms."
0.149711525027607,0.149704426401889,0.0691630276186484,0.149707499707779,0.149714260153908,0.0325478639152102,0.149727746826188,0.14972365034877,"alanine..P..nt.ms."
0.155832881894548,0.155823748325901,0.040040552002707,0.155827701020894,0.155836435224045,0.0249362286126726,0.155853994516228,0.155848458403004,"allantoin..P..nt.ms."
0.147631552173943,0.14762972776549,0.0356993250592873,0.147630520860982,0.1476321910146,0.0785067159604091,0.147635265231069,0.147634701934219,"alliin..P..nt.ms."
0.158227521257532,0.158220530768406,0.03390562730758,0.158223555487753,0.158230258249196,0.0167092812039926,0.158243798254884,0.158239427470657,"alpha.CEHC.sulfate..P..nt.ms."
0.160648258653075,0.160646102593321,0.0270501980187696,0.160647032722987,0.160649191718909,0.00905347729218928,0.160653884488992,0.160651854511757,"alpha.hydroxyisocaproate..P..nt.ms."
0.157746779564821,0.157750241965998,0.0405570806973833,0.157748742422339,0.157745483240194,0.0129717370918053,0.157739113086847,0.157740821930612,"alpha.hydroxyisovalerate..P..nt.ms."
0.160202385150459,0.160199695275103,0.0298957408793449,0.160200856650912,0.160203518326423,0.00888170837913262,0.160209194622303,0.160206900716323,"alpha.ketobutyrate..P..nt.ms."
0.157106270215684,0.157102323933549,0.0459158321215337,0.15710402992375,0.157107857943377,0.011434973150521,0.157115753285734,0.157112959425852,"alpha.ketoglutarate..P..nt.ms."
0.158152476291745,0.158136182758353,0.0365632921992153,0.158143231544465,0.158158869589834,0.0144751708287996,0.158190530129765,0.158180246657823,"alpha.tocopherol..P..nt.ms."
0.138784294310818,0.138784268796149,0.0819251937408313,0.138784280056145,0.138784301956362,0.0853689819087175,0.138784337518221,0.138784341712757,"andro.steroid.monosulfate..1...P..nt.ms."
0.155989466669239,0.155998270143217,0.030034375745511,0.15599446280803,0.155985998071345,0.0340541536506326,0.155968801019409,0.155974471892617,"androsterone.sulfate..P..nt.ms."
0.156140398410632,0.156138279169453,0.0395962789141548,0.156139196912807,0.156141216465633,0.0235553737936385,0.156145246541913,0.156144009791769,"anthranilate..P..nt.ms."
