"1","2","3","4","5","6","7","8","Metabolite"
0.128956528748792,0.128788645813646,0.129071360536898,0.136536545173707,0.12893299664847,0.0897996660723833,0.128970922850563,0.12894333415554,"X1..1.enyl.oleoyl..GPC..P.18.1...P..nt.ms."
0.129203428379917,0.129068608525177,0.129295489597732,0.134994860766287,0.129184546969526,0.0898452485156549,0.129214975135414,0.129192842110292,"X1..1.enyl.oleoyl..GPE..P.18.1...P..nt.ms."
0.133175383485284,0.132977870623717,0.133310727847117,0.142576653840971,0.133147672502118,0.058459509108492,0.133192337858203,0.133159844734098,"X1..1.enyl.palmitoyl..GPC..P.16.0...P..nt.ms."
0.130107779525165,0.129912542644053,0.130241470146736,0.139218209954631,0.130080397697073,0.080222643362303,0.130124530929292,0.130092425740746,"X1..1.enyl.palmitoyl..GPE..P.16.0...P..nt.ms."
0.128858170187993,0.128717730177596,0.128954180387541,0.135105291957955,0.128838490053392,0.0918087943373155,0.128870207269808,0.1288471356284,"X1..1.enyl.stearoyl..GPC..P.18.0...P..nt.ms."
0.130540175641816,0.130430045498944,0.1306153637233,0.135250457918956,0.130524753462883,0.0815580681282718,0.13054960670272,0.130531528923109,"X1..1.enyl.stearoyl..GPE..P.18.0...P..nt.ms."
0.125126210323736,0.125029491415468,0.125192405932155,0.129568580318394,0.125112649091641,0.119717550506129,0.125134506122826,0.12511860628965,"X1.adrenoyl.GPC..22.4...P..nt.ms."
0.126749532669439,0.126691282012725,0.126789397690519,0.129409367022799,0.126741365425389,0.110119573256465,0.126754528767969,0.126744953154695,"X1.arachidonoyl.GPC..20.4n6...P..nt.ms."
0.125750076044205,0.125742645135387,0.125755231295288,0.126214302816515,0.125749026873959,0.11928851135158,0.125750719019769,0.125749487463297,"X1.arachidonoyl.GPE..20.4n6...P..nt.ms."
0.117941215328338,0.117908409997162,0.117963501917041,0.119137041967525,0.11793663293186,0.173230535542382,0.117944015725572,0.117938646590121,"X1.arachidonoyl.GPI..20.4...P..nt.ms."
0.118148197097368,0.118093271002543,0.118185561403524,0.120243452062172,0.118140519566123,0.170892215912449,0.118152889835607,0.118143893120214,"X1.arachidonylglycerol..20.4...P..nt.ms."
0.129615745833727,0.129542678085965,0.129665507953037,0.132515336472788,0.129605526556644,0.0898231952473914,0.129621993119939,0.129610016730509,"X1.arachidoyl.GPC..20.0...P..nt.ms."
0.129545260383365,0.129505973487716,0.129571941536058,0.130968668372226,0.129539773535426,0.0917775846460303,0.129548613362443,0.129542184676735,"X1.behenoyl.GPC..22.0...P..nt.ms."
0.125856838234512,0.125653340154069,0.125996275794914,0.135519174878219,0.12582828836629,0.109430947729658,0.125874305724085,0.125840829118253,"X1.dihomo.linolenoyl.GPC..20.3n3.or.6...P..nt.ms."
0.127936497150079,0.127809817115253,0.128023136421146,0.133637460387473,0.12791874147067,0.0988004482130367,0.127947357769783,0.12792654147256,"X1.dihomo.linolenoyl.GPE..20.3n3.or.6...P..nt.ms."
0.129822176876338,0.12961355563237,0.129964928962181,0.139335421614384,0.129792928703664,0.0818251428852608,0.129840068312037,0.129805777013765,"X1.dihomo.linoleoyl.GPC..20.2...P..nt.ms."
0.118775991043855,0.118673736850442,0.118845832294656,0.123199297247998,0.118761668611149,0.164190763071414,0.118784750090217,0.118767960790269,"X1.docosahexaenoyl.GPC..22.6...P..nt.ms."
0.111712351781512,0.111622234988241,0.111773901681845,0.115623815809958,0.111699729552967,0.214142620359778,0.11172007102757,0.111705274798129,"X1.docosahexaenoyl.GPE..22.6...P..nt.ms."
0.120431889543626,0.120297758420629,0.120523684101253,0.126580959131231,0.120413083307806,0.150887887174296,0.120443393755354,0.120421344565806,"X1.docosapentaenoyl.GPC..22.5n3...P..nt.ms."
0.121984287023434,0.121886801383679,0.122050990587233,0.126431471970869,0.121970620042106,0.1417065579985,0.12199264722979,0.12197662376439,"X1.docosapentaenoyl.GPC..22.5n6...P..nt.ms."
0.127998772929878,0.12784942330351,0.1281009169599,0.134712879186052,0.127977839779455,0.0973615550889708,0.128011577122218,0.127987035630017,"X1.eicosapentaenoyl.GPC..20.5...P..nt.ms."
0.130303408261355,0.130213874908825,0.130364502674502,0.134065046627917,0.130290873690762,0.0841548402322736,0.130311072938897,0.130296380665469,"X1.eicosapentaenoyl.GPE..20.5...P..nt.ms."
0.127376637549293,0.127254441170023,0.127460009783426,0.1324933469911,0.127359531265791,0.103301888828289,0.127387097578681,0.127367046833398,"X1.eicosenoyl.GPC..20.1...P..nt.ms."
0.129611120501075,0.129559617710666,0.12964633803701,0.131910834801635,0.129603902447517,0.0904455777024978,0.129615535462092,0.129607073337507,"X1.linolenoyl.GPC..18.3...P..nt.ms."
0.128062395798369,0.128024196275985,0.128088418872764,0.129588717216587,0.128057052401189,0.102054156797265,0.128065662472379,0.128059400165462,"X1.linoleoyl.GPC..18.2...P..nt.ms."
0.131644737158049,0.131687544505731,0.131615439059986,0.129666673320169,0.131650739314457,0.0804456985015173,0.131641065460776,0.131648102679315,"X1.linoleoyl.GPE..18.2...P..nt.ms."
0.119813462607392,0.119778179621285,0.119837338995055,0.120928795490976,0.119808543890352,0.160206506701475,0.119816466960469,0.119810705732997,"X1.linoleoyl.GPI..18.2...P..nt.ms."
0.120979219085687,0.120984207282898,0.120975577544351,0.120331604399733,0.120979942296052,0.153791050981205,0.120978772851109,0.120979625558965,"X1.linoleoylglycerol..18.2...P..nt.ms."
0.134635936998159,0.13454777110571,0.13469630942072,0.138755032467224,0.134623571825947,0.0534688730456869,0.134643501648177,0.134629003488376,"X1.margaroyl.GPC..17.0...P..nt.ms."
0.131240401028463,0.131142355448795,0.131307277999898,0.135313697884945,0.131226677463298,0.077288090931193,0.131248792320171,0.131232706923237,"X1.meadoyl.GPC..20.3n9...P..nt.ms."
0.134587353992598,0.134616357272379,0.13456744840248,0.133160781910661,0.13459142643444,0.0593021324372712,0.134584861831411,0.13458963771876,"X1.methylguanidine..P..nt.ms."
0.134178246674703,0.134173238865696,0.134181566872401,0.134222266450383,0.134177555747917,0.0607105981462132,0.134178667533212,0.134177859709474,"X1.methylhistidine..P..nt.ms."
0.116109578527806,0.116200374243176,0.116047271360738,0.111659350830417,0.11612232659079,0.191642593761684,0.116101777387626,0.116116727297762,"X1.methylimidazoleacetate..P..nt.ms."
0.125061434113896,0.124988178682989,0.125111344030885,0.12800769762057,0.125051186499189,0.121656770952132,0.125067699060356,0.125055689039984,"X1.methylnicotinamide..P..nt.ms."
0.132852931887287,0.132758234520666,0.132917567729217,0.136873259852747,0.13283967252114,0.0660517955703728,0.132861040063393,0.132845497855178,"X1.methylurate..P..nt.ms."
0.132170950763754,0.132080062108304,0.132232926087935,0.135913185084478,0.132158231047952,0.0711020974425636,0.132178727915458,0.132163819549554,"X1.methylxanthine..P..nt.ms."
0.136135353637947,0.136082818096601,0.136171239442257,0.138419797425035,0.136127994823814,0.0447917148065228,0.1361398540586,0.136131227709223,"X1.myristoyl.GPC..14.0...P..nt.ms."
0.132661464178515,0.132503619205619,0.132769272560094,0.139488301929902,0.132639355552025,0.0646139332543951,0.132674984922057,0.132649068397394,"X1.nonadecanoyl.GPC..19.0...P..nt.ms."
0.126366682382766,0.126225502210458,0.126463347775946,0.132930898362259,0.126346882935564,0.108932311084111,0.126378794950816,0.126355580298079,"X1.oleoyl.GPC..18.1...P..nt.ms."
0.130594627408358,0.130624462493011,0.130574212230858,0.129218580098892,0.130598810207475,0.0872002660572841,0.130592068740906,0.130596972763216,"X1.oleoyl.GPE..18.1...P..nt.ms."
0.131147426718651,0.131207537126175,0.131106247540141,0.12830295601592,0.131155859027797,0.084785550760851,0.131142267776518,0.131152155033947,"X1.oleoyl.GPG..18.1...P..nt.ms."
0.125823528413241,0.125773059170646,0.125857885706176,0.127794737629222,0.125816471261862,0.117286903330819,0.125827842375395,0.125819572112638,"X1.oleoyl.GPI..18.1...P..nt.ms."
0.131629902739268,0.131513943960728,0.131709306564816,0.137038246650936,0.131613639633427,0.0732343248757992,0.131639852029466,0.131620783545561,"X1.palmitoleoyl.GPC..16.1...P..nt.ms."
0.134846945223547,0.134761016573603,0.134905913948467,0.139087460130899,0.134834880395271,0.0518692758540375,0.134854328287494,0.134840179586681,"X1.palmitoyl.GPC..16.0...P..nt.ms."
0.136322603349865,0.136249088464457,0.136372996580604,0.13983633826978,0.136312287378928,0.0422609520411063,0.136328915252143,0.136316818663117,"X1.palmitoyl.GPE..16.0...P..nt.ms."
0.13489516236598,0.134958033530221,0.134852081316321,0.131901709080378,0.134903983064851,0.0586991565050679,0.134889765626621,0.134900108510561,"X1.palmitoyl.GPG..16.0...P..nt.ms."
0.128063414088133,0.127911222750626,0.128167473951063,0.134857232118542,0.128042085534021,0.0968306566857533,0.128076459671661,0.128051455200201,"X1.palmitoyl.GPI..16.0...P..nt.ms."
0.125077887817266,0.12512245024726,0.125047180606258,0.122657661122668,0.125084157824428,0.12685520920813,0.125074048773355,0.125081404400635,"X1.palmitoylglycerol..16.0...P..nt.ms."
0.134087791017061,0.133919775821647,0.134202905577017,0.142049888436616,0.134064220292426,0.0534986329163239,0.134102211980134,0.134074573958774,"X1.palmityl.GPC..O.16.0...P..nt.ms."
0.136541999511122,0.136534097759366,0.136547453774213,0.13699133824288,0.136540886762347,0.0437601675826686,0.136542680989284,0.13654137537812,"X1.pentadecanoyl.GPC..15.0...P..nt.ms."
0.131971579991819,0.131774830311147,0.13210625763699,0.141049697575567,0.131943991093214,0.0672090758356654,0.131988457253293,0.131956110302303,"X1.stearoyl.GPC..18.0...P..nt.ms."
0.134968467389755,0.134828954528292,0.13506404749933,0.141555310910989,0.13494889587818,0.0486963894534468,0.134980441461769,0.134957492878237,"X1.stearoyl.GPE..18.0...P..nt.ms."
0.127552191980607,0.127429347895226,0.127636070897681,0.13281734573287,0.127534988253471,0.101924796195242,0.127562712684895,0.127542546360009,"X1.stearoyl.GPI..18.0...P..nt.ms."
0.131151528506445,0.130990718189117,0.13126165183539,0.138666037703089,0.131128974279852,0.0744968811790961,0.13116532663699,0.13113888167002,"X1.stearyl.GPC..O.18.0...P..nt.ms."
0.132095449098946,0.132013206695765,0.132151499817994,0.135430651453039,0.132083942434996,0.0720337683303838,0.132102484074082,0.132088998094794,"X1.3.dimethylurate..P..nt.ms."
0.131687540278745,0.131631083544932,0.131725979703584,0.133912647818096,0.131679645263625,0.075987622630761,0.131692366521595,0.131683114238662,"X1.3.7.trimethylurate..P..nt.ms."
0.134130851544094,0.134045798785094,0.134189080973628,0.138067354929452,0.134118924138901,0.0571856778876717,0.13413814819088,0.134124163550279,"X1.5.anhydroglucitol..1.5.AG...P..nt.ms."
0.133771249304503,0.133730506145881,0.13379892423809,0.135255939960999,0.133765558572677,0.062135035532835,0.133774726956416,0.133768059288599,"X1.6.anhydroglucose..P..nt.ms."
0.133056648250027,0.132960108468485,0.133122584415335,0.13723663462414,0.133043126441097,0.0644669132730603,0.133064917631777,0.133049066896078,"X1.7.dimethylurate..P..nt.ms."
0.101473173591966,0.101392446053701,0.101528288464614,0.104941407963313,0.101461868792584,0.286255893002077,0.101480086778829,0.101466835352916,"X10.undecenoate..11.1n1...P..nt.ms."
0.132468062853756,0.13239100333971,0.132520825089212,0.136039006737619,0.132457255834631,0.0691871688923735,0.132474674186129,0.132462003066571,"X11.ketoetiocholanolone.glucuronide..P..nt.ms."
0.11536493180874,0.115377703255756,0.115355960607616,0.114366726449718,0.11536674662611,0.193438163112872,0.115363817761582,0.115365950377607,"X12.HETE..P..nt.ms."
0.0971994122449884,0.0971560463876045,0.097228845228184,0.0987448403589406,0.0971933576494881,0.318078367909754,0.0972031118618546,0.0971960183591861,"X13.HODE...9.HODE..P..nt.ms."
0.0875372832133875,0.0874649785775462,0.0875865857739814,0.0905276649228952,0.0875271643840125,0.384281242850737,0.0875434701078935,0.0875316101695467,"X15.methylpalmitate..P..nt.ms."
0.0746374773729979,0.0745870049112783,0.074671831434167,0.0766129866025437,0.0746304203522832,0.475584966993772,0.0746417911645306,0.074633521168427,"X16.hydroxypalmitate..P..nt.ms."
0.126882033047102,0.126913771536644,0.126860177466425,0.125187508694074,0.126886497154678,0.113506175404537,0.126879299981488,0.126884536715052,"X16a.hydroxy.DHEA.3.sulfate..P..nt.ms."
0.083220181744849,0.0831477641741913,0.0832695440988669,0.0861791630596118,0.083210048905523,0.414532420182915,0.0832263769151385,0.0832145009189043,"X17.methylstearate..P..nt.ms."
0.131948139502198,0.131900157782993,0.131980741955345,0.133715085336737,0.131941436615385,0.0746178208725192,0.131952235870671,0.131944382064151,"X17alpha.hydroxypregnanolone.glucuronide..P..nt.ms."
0.130228857655801,0.130241775735724,0.130219789160473,0.129232580019895,0.130230692717566,0.0893886858710397,0.130227731276318,0.130229887563183,"X17alpha.hydroxypregnenolone.sulfate..P..nt.ms."
0.134522195276407,0.134671396711434,0.134420257938375,0.127960081555208,0.13454309658708,0.0648396453217105,0.134509412328581,0.134533914281206,"X2.aminoadipate..P..nt.ms."
0.114052933065621,0.11419546893201,0.113955592254009,0.107865912728772,0.114072896173599,0.207752346363781,0.114040724624492,0.114064125857717,"X2.aminobutyrate..P..nt.ms."
0.134800999138643,0.134883417488071,0.134744394591223,0.130673692262659,0.134812575820048,0.0604835154301517,0.134793914045926,0.13480749122328,"X2.aminoheptanoate..P..nt.ms."
0.130388327194763,0.13050663578878,0.1303072948673,0.12485800699386,0.130404921929563,0.0927590061030927,0.130378174698751,0.130397632423891,"X2.aminooctanoate..P..nt.ms."
0.134165581909669,0.134101727777432,0.13420895547473,0.136500044678233,0.134156663153301,0.0585354123863471,0.134171032240693,0.134160582379594,"X2.aminophenol.sulfate..P..nt.ms."
0.124976046624281,0.124931187910137,0.125006605984175,0.126763687765743,0.124969771749669,0.123400288430731,0.124979882750849,0.124972528784415,"X2.arachidonoyl.GPC..20.4...P..nt.ms."
0.124676658482036,0.124656788549814,0.124690056283576,0.125217757095989,0.124673893529865,0.126731390593501,0.124678346497035,0.124675108968184,"X2.arachidonoyl.GPE..20.4...P..nt.ms."
0.119798086347114,0.119692404785753,0.11987022195329,0.124282911325255,0.119783288724063,0.156976161785956,0.119807135217251,0.119789789861318,"X2.docosahexaenoyl.GPC..22.6...P..nt.ms."
0.121126733781734,0.121032644534776,0.121190895007585,0.125008925491427,0.121113565786711,0.148273099088096,0.121134785081192,0.12111935122848,"X2.docosahexaenoyl.GPE..22.6...P..nt.ms."
0.11753880427437,0.117676218249506,0.117444847906534,0.111381527415662,0.117558061904589,0.18332391288868,0.117527025360305,0.117549602000355,"X2.hydroxy.3.methylvalerate..P..nt.ms."
0.131097235842475,0.131148901249121,0.131061747806939,0.128501467133069,0.131104493359765,0.0848920547415478,0.131092794064341,0.131101305802742,"X2.hydroxyacetaminophen.sulfate..P..nt.ms."
0.0838285635633922,0.0838285541845169,0.0838284853814831,0.0836765141922153,0.0838285711004611,0.413352185902458,0.0838285575305681,0.0838285681449048,"X2.hydroxybutyrate.2.hydroxyisobutyrate..P..nt.ms."
0.133719984007701,0.133891036735527,0.133603246265692,0.126417530376809,0.133743932928105,0.0711855191213497,0.133705339351568,0.133733411213248,"X2.hydroxydecanoate..P..nt.ms."
0.127142675550675,0.127198892177716,0.127104010561403,0.124224412336428,0.127150577695227,0.11289448606038,0.12713783839217,0.127147107226002,"X2.hydroxyglutarate..P..nt.ms."
0.136542932021176,0.136765062289609,0.136391384187293,0.127145432762395,0.136574027166808,0.0534968776476833,0.136523918299001,0.136560365626034,"X2.hydroxyoctanoate..P..nt.ms."
0.0999490289670121,0.0999010271161623,0.0999816343612936,0.101701120393833,0.0999423243953054,0.298626467952479,0.0999531261842004,0.0999452706297143,"X2.hydroxypalmitate..P..nt.ms."
0.136496441366906,0.136567456009604,0.136447974837776,0.133449578958263,0.136506384191985,0.0475397873666598,0.136490361349968,0.136502015918838,"X2.hydroxyphenylacetate..P..nt.ms."
0.109558398043254,0.109522800248203,0.109582475778002,0.110671454770075,0.109553436672866,0.231994388924118,0.109561428251921,0.109555617311561,"X2.hydroxystearate..P..nt.ms."
0.126552737017209,0.126555734025756,0.126550430384878,0.125945650992652,0.126553183954216,0.114736815611009,0.126552459318257,0.126552988696023,"X2.linoleoyl.GPC..18.2...P..nt.ms."
0.130544749478571,0.130588527213898,0.130514653135012,0.128282086805042,0.130550901726524,0.0884298982071363,0.130540983711619,0.130548199722197,"X2.linoleoyl.GPE..18.2...P..nt.ms."
0.125523874544127,0.125499486150273,0.125540307399015,0.126161617413063,0.125520482044335,0.120706313573102,0.125525945482086,0.125521973393999,"X2.linoleoylglycerol..18.2...P..nt.ms."
0.134175816276274,0.134521397561945,0.133940114107702,0.119679583196796,0.134224185531373,0.0751097278028151,0.134146241144255,0.13420293437884,"X2.methylbutyrylcarnitine..C5...P..nt.ms."
0.130445934462525,0.130437869262324,0.130451303777213,0.130544761763947,0.130444819378292,0.0867833874487803,0.130446614060215,0.130445309846704,"X2.methylmalonyl.carnitine..P..nt.ms."
0.135643408512788,0.135576752087457,0.135688929560211,0.138523897499184,0.135634072830052,0.047645647520867,0.13564911774931,0.135638174240131,"X2.myristoyl.GPC..14.0...P..nt.ms."
0.127193126774126,0.127128096831668,0.127237459571717,0.129851941816266,0.127184026984137,0.107018632490274,0.127198690445547,0.127188025086265,"X2.oleoyl.GPC..18.1...P..nt.ms."
0.130097994454158,0.130089442439713,0.130103772057974,0.130341286615694,0.13009680323861,0.0890746524737343,0.130098721885412,0.130097326834705,"X2.oleoyl.GPE..18.1...P..nt.ms."
0.13232680372114,0.13230882224672,0.132338926682573,0.132809232726005,0.132324301705916,0.0732381801644044,0.132328331186429,0.132325401566812,"X2.palmitoyl.GPC..16.0...P..nt.ms."
0.134363132439542,0.134323433233889,0.134390143837904,0.135883230918267,0.134357582744244,0.0579559308631136,0.134366524671611,0.134360021291428,"X2.palmitoyl.GPE..16.0...P..nt.ms."
0.132841127857944,0.132859954218252,0.132827962945118,0.131471926856878,0.132843796843511,0.0714731152385718,0.132839490456404,0.132842625583322,"X2.piperidinone..P..nt.ms."
0.12963049196944,0.129671716801063,0.129602157917735,0.127523569881188,0.129636284706453,0.0946750917792647,0.129626946379528,0.129633740565328,"X2.pyrrolidinone..P..nt.ms."
0.131653569248527,0.131598061954276,0.131691353197945,0.133813919369798,0.13164580793959,0.0762897564824071,0.131658313603628,0.13164921820383,"X2.stearoyl.GPE..18.0...P..nt.ms."
0.137956186619664,0.138032616735681,0.137903833779147,0.134355301529702,0.137966907607227,0.0378733279162726,0.137949627555094,0.137962198257213,"X2.3.dihydroxyisovalerate..P..nt.ms."
0.133725044460555,0.133895357211813,0.133608645071278,0.126185131586918,0.133748907251566,0.0713880406718953,0.133710449668357,0.133738424077618,"X2..deoxyuridine..P..nt.ms."
0.12612753771037,0.126241815614432,0.126049186129666,0.120654049230248,0.126143575452846,0.122529580278082,0.126117724633596,0.126136530950759,"X21.hydroxypregnenolone.disulfate..P..nt.ms."
0.129053822571905,0.129093411998347,0.12902657615871,0.126967697812441,0.129059389316574,0.0986917428633929,0.129050414695986,0.129056944582644,"X21.hydroxypregnenolone.monosulfate..1...P..nt.ms."
0.133196613213974,0.133161880532804,0.133220167087488,0.134394067254319,0.133191766007698,0.0664420349617531,0.133199574732363,0.133193896209603,"X3..3.hydroxyphenyl.propionate..P..nt.ms."
0.122210721043538,0.122374950553891,0.122098518116147,0.115005411704509,0.122233727425241,0.151656400142818,0.12219665069647,0.122223620317387,"X3..4.hydroxyphenyl.lactate..P..nt.ms."
0.0926891852667465,0.0927308740581253,0.0926604430811376,0.0904149742578742,0.0926950525516765,0.353431402189397,0.0926855925515699,0.092692476043473,"X3.aminoisobutyrate..P..nt.ms."
0.124100615330344,0.123996844949602,0.124171392548966,0.1284042992788,0.124086090942669,0.127038788477656,0.124109496207762,0.1240924722642,"X3.carboxy.4.methyl.5.propyl.2.furanpropanoate..CMPF...P..nt.ms."
0.106180581924383,0.106263243811048,0.106124018239521,0.102405917062799,0.106192171027171,0.260473495111297,0.106173492721534,0.106187080102248,"X3.hydroxy.2.ethylpropionate..P..nt.ms."
0.137078420488794,0.137284874797481,0.136937592012945,0.128371966660606,0.137107318637263,0.0490644545928253,0.137060750573626,0.13709462223646,"X3.hydroxy.3.methylglutarate..P..nt.ms."
0.073313345465058,0.0732797135604764,0.0733361859201023,0.0745399168217999,0.0733086484257818,0.485595261518486,0.0733162157940819,0.0733107124942134,"X3.hydroxybutyrate..BHBA...P..nt.ms."
0.0918160128569326,0.0918200331834072,0.0918131364344265,0.09140793385257,0.0918165896245517,0.357694299329911,0.0918156579325428,0.0918163367856576,"X3.hydroxybutyrylcarnitine..1...P..nt.ms."
0.0692850066001539,0.0692712497715202,0.0692942539237379,0.0696190390029634,0.0692830953001803,0.514677246823407,0.0692861729734957,0.0692839356045421,"X3.hydroxybutyrylcarnitine..2...P..nt.ms."
0.128727482757077,0.128716146028179,0.128735054800059,0.128908248042801,0.128725912760628,0.098732112368507,0.128728440026516,0.128726603216234,"X3.hydroxycotinine.glucuronide..P..nt.ms."
0.062078866065814,0.0620558805093879,0.0620944184542708,0.0628140536677424,0.0620756619469749,0.564723226040412,0.0620808231056687,0.0620770702097291,"X3.hydroxydecanoate..P..nt.ms."
0.134204602019736,0.134178893399718,0.134221920824259,0.134879356007259,0.134201026261261,0.0599048185342309,0.134206784766465,0.134202598187071,"X3.hydroxyhippurate..P..nt.ms."
0.105161723402001,0.105224749407845,0.105118520779996,0.10214674107519,0.105170567454759,0.266854703058453,0.105156312114756,0.105166682707,"X3.hydroxyisobutyrate..P..nt.ms."
0.0675192882601957,0.0674721104546666,0.0675514014320239,0.0693678325570277,0.067512691725483,0.525537764776179,0.0675233205946235,0.0675155901998004,"X3.hydroxylaurate..P..nt.ms."
0.0598827486375478,0.0598378853839011,0.0599133002428438,0.0616663072335681,0.0598764742754711,0.579057468827409,0.0598865842686243,0.0598792311306346,"X3.hydroxymyristate..P..nt.ms."
0.0971464312352592,0.0971459225253418,0.0971465422360923,0.0967488035455718,0.0971463847291211,0.320373053876258,0.0971464556978356,0.0971464061545204,"X3.hydroxyoctanoate..P..nt.ms."
0.13092698332619,0.130908910662943,0.130939201934152,0.131480602687418,0.130924465053595,0.0829657431236739,0.130928521295599,0.13092557191643,"X3.hydroxypropanoate..P..nt.ms."
0.135800549456676,0.13582727634112,0.135782110582381,0.134281863836108,0.135804312226079,0.0509029824358166,0.135798245194464,0.135802659927356,"X3.hydroxypyridine.sulfate..P..nt.ms."
0.10524999002814,0.105221743546959,0.105269041537313,0.106043006794421,0.105246058880979,0.262469982166356,0.105252390105613,0.105247786940219,"X3.hydroxysebacate..P..nt.ms."
0.138072827671229,0.138263809840919,0.137942343262688,0.12968299885316,0.138099582144046,0.0417941447932544,0.138056464984613,0.138087828450091,"X3.indoxyl.sulfate..P..nt.ms."
0.13076723195144,0.130782800517068,0.130756401857309,0.129738882218346,0.130769433155395,0.085650900885843,0.130765882473246,0.130768466941354,"X3.methoxycatechol.sulfate..1...P..nt.ms."
0.128231606603129,0.128356775620154,0.128145982387071,0.122567665557079,0.128249152428087,0.107986498676027,0.1282208740369,0.128241444691553,"X3.methoxytyrosine..P..nt.ms."
0.131752869448456,0.131700545251195,0.131788318396195,0.133492477923135,0.131745570823537,0.07601411152467,0.131757328136441,0.131748778496371,"X3.methyl.catechol.sulfate..1...P..nt.ms."
0.100151539599779,0.100188467915475,0.100126130987141,0.0982193120551395,0.100156731497635,0.300855005281129,0.100148361306061,0.10015445135764,"X3.methyl.2.oxobutyrate..P..nt.ms."
0.106561879738435,0.106678629320192,0.106482080421802,0.101380765219575,0.106578238484412,0.259195480475536,0.10655187439291,0.106571051947138,"X3.methyl.2.oxovalerate..P..nt.ms."
0.132530860894344,0.132652407407628,0.132447845801345,0.127247188641275,0.132547885191123,0.0775129565137043,0.132520449543562,0.132540406007018,"X3.methylcytidine..P..nt.ms."
0.132635393061603,0.132615501841604,0.132648861600755,0.133285941904827,0.132632619258179,0.0709107565483824,0.132637087435928,0.132633838348722,"X3.methylglutarylcarnitine..2...P..nt.ms."
0.134552717108973,0.134486055105112,0.13459802413505,0.137036349061031,0.134543403427019,0.0556775458507783,0.134558409224455,0.134547496087581,"X3.methylhistidine..P..nt.ms."
0.133387774630772,0.133461384628171,0.133337463128123,0.13010831119614,0.133398088556392,0.0695319538594007,0.133381466446934,0.133393557554067,"X3.methylxanthine..P..nt.ms."
0.136049054121216,0.136134333531661,0.135990474466512,0.131760042935992,0.13606103373307,0.0519075667448587,0.136041722259017,0.136055772207673,"X3.phenylpropionate..hydrocinnamate...P..nt.ms."
0.133851325094892,0.13388608326621,0.133827540918258,0.132247683424763,0.133856198128651,0.0646287674939725,0.133848344197919,0.133854057475335,"X3.phosphoglycerate..P..nt.ms."
0.128601473608253,0.128661003520309,0.128560582591354,0.125607385177995,0.128609835966273,0.102757200353112,0.128596355623759,0.128606163158944,"X3.ureidopropionate..P..nt.ms."
0.119158201871069,0.119112738597676,0.11918907518221,0.120812286802015,0.119151852690369,0.164259120295379,0.119162081775708,0.119154642785574,"X3.4.methyleneheptanoate..P..nt.ms."
0.12433209365403,0.124285531892806,0.124363756513491,0.126100632230527,0.124325586500163,0.127927882547856,0.124336070829529,0.124328445831597,"X3.4.methyleneheptanoylcarnitine..P..nt.ms."
0.134464638600292,0.134605918732028,0.134368185887801,0.128369750612585,0.134484422620148,0.0647788124997201,0.134452540193347,0.134475730854078,"X3.7.dimethylurate..P..nt.ms."
0.128441320748586,0.128381040750401,0.128482432501603,0.130939567011643,0.128432883837163,0.0984396851068284,0.128446479420246,0.12843659062353,"X3b.hydroxy.5.cholenoic.acid..P..nt.ms."
0.11005077283698,0.110117001998052,0.110005170789364,0.10653504153589,0.110060087707116,0.233130858068789,0.110045070055838,0.110055997007969,"X3beta.7alpha.dihydroxy.5.cholestenoate..P..nt.ms."
0.132395667257943,0.132409326627281,0.13238640798375,0.131928810641239,0.132397573134016,0.073690975932231,0.132394502880969,0.132396735542571,"X4.acetamidobutanoate..P..nt.ms."
0.129346167064898,0.129317469860119,0.129365640768608,0.130358713645904,0.129342160818169,0.0935773114583065,0.129348614994339,0.129343921389657,"X4.acetamidophenol..P..nt.ms."
0.129748802824261,0.129738759508607,0.12975546530163,0.12982833591503,0.129747416729505,0.091683546031577,0.129749647186673,0.129748026502717,"X4.acetamidophenylglucuronide..P..nt.ms."
0.130033722760135,0.130034858388983,0.130032741966779,0.129616419841682,0.130033903291345,0.0901809200065457,0.130033608902247,0.130033824842283,"X4.acetaminophen.sulfate..P..nt.ms."
0.133576136569242,0.133585787493763,0.133569437798776,0.132957730736084,0.133577499538264,0.0655812054310751,0.13357530122859,0.133576901204206,"X4.acetylphenol.sulfate..P..nt.ms."
0.132707086556904,0.132711136309511,0.132704190306783,0.132303935186022,0.132707667428074,0.0714518422994678,0.132706729128034,0.132707412785204,"X4.allylphenol.sulfate..P..nt.ms."
0.132611695616492,0.13253712873372,0.132662566476428,0.135745718713899,0.13260125750447,0.068617711332269,0.132618078161751,0.132605843460971,"X4.androsten.3alpha.17alpha.diol.monosulfate..2...P..nt.ms."
0.13383486629181,0.13390247004768,0.133788640475677,0.13080609623121,0.133844340712863,0.0661543364089575,0.133829071237334,0.133840178594468,"X4.androsten.3alpha.17alpha.diol.monosulfate..3...P..nt.ms."
0.132102138811407,0.132277567478762,0.13198225352305,0.124367472395313,0.132126717315814,0.0829408243406136,0.132087106457987,0.132115919677054,"X4.androsten.3beta.17beta.diol.disulfate..1...P..nt.ms."
0.121963547820789,0.122054554007029,0.121901123811345,0.117558224979159,0.121976322555303,0.150619784572113,0.121955730822603,0.121970711431658,"X4.androsten.3beta.17beta.diol.disulfate..2...P..nt.ms."
0.121037073318949,0.121131093017833,0.120972664393862,0.116628206703712,0.121050262466562,0.157107227009911,0.121029004116042,0.12104446897313,"X4.androsten.3beta.17beta.diol.monosulfate..1...P..nt.ms."
0.133031883545407,0.133031529197293,0.133032122064084,0.13304912797597,0.133031834295331,0.0687597333685632,0.133031913606645,0.133031855946707,"X4.androsten.3beta.17beta.diol.monosulfate..2...P..nt.ms."
0.129637780213881,0.129687620302362,0.129603460619136,0.126975152196228,0.129644790245323,0.0951759962085705,0.129633488470702,0.129641711743799,"X4.ethylphenylsulfate..P..nt.ms."
0.138258930202235,0.138486085631974,0.138103948232457,0.128636910213828,0.13829072939927,0.0417071518822887,0.138239485877791,0.138276758560156,"X4.guanidinobutanoate..P..nt.ms."
0.127089125473765,0.12706980150876,0.127102154854568,0.127624151529538,0.127086436533715,0.109849944461807,0.127090767078607,0.127087618559239,"X4.hydroxychlorothalonil..P..nt.ms."
0.136951464114069,0.137019516317342,0.136904736921104,0.13354811870408,0.136961021750016,0.0447127034144769,0.136945614885261,0.13695682389365,"X4.hydroxyhippurate..P..nt.ms."
0.130383463263905,0.130420945516955,0.130357646130677,0.128366275777525,0.130388735899608,0.0893162779089272,0.130380235085914,0.130386420416489,"X4.hydroxyphenylacetate..P..nt.ms."
0.13253034360971,0.132668081125564,0.132435990132218,0.126056983162066,0.132549665000845,0.0786992364053489,0.132518522738833,0.132541177825416,"X4.hydroxyphenylacetatoylcarnitine..P..nt.ms."
0.13473626333815,0.134903002917216,0.134622378188166,0.127463809370221,0.134759617909147,0.0640435899860401,0.134721980592726,0.134749357698335,"X4.hydroxyphenylpyruvate..P..nt.ms."
0.128870838412332,0.128864184316495,0.12887522923712,0.128879934425249,0.128869922509395,0.0978981696137016,0.128871395951139,0.128870325534569,"X4.imidazoleacetate..P..nt.ms."
0.102907969052067,0.103010508205919,0.102837819413116,0.0982505783531836,0.102922343285449,0.284255576451469,0.102899176411351,0.102916028827446,"X4.methyl.2.oxopentanoate..P..nt.ms."
0.133007466017362,0.132908622541842,0.133074911955058,0.137156928628447,0.132993628180388,0.0648428073382928,0.133015927596865,0.132999707741745,"X4.methylcatechol.sulfate..P..nt.ms."
0.1332304306415,0.133264853687571,0.133206547932012,0.131083245751238,0.13323529102555,0.0695190216838748,0.133227451972152,0.133233157306102,"X4.vinylphenol.sulfate..P..nt.ms."
0.133699791701964,0.133578735077071,0.133782472777399,0.13893900026202,0.133682835941539,0.0589167180789461,0.133710161147404,0.133690285013656,"X5.acetylamino.6.amino.3.methyluracil..P..nt.ms."
0.13137720515256,0.131342637456682,0.131400622941843,0.132528561795314,0.131372383504816,0.0792239359254682,0.13138015064669,0.131374502576628,"X5.acetylamino.6.formylamino.3.methyluracil..P..nt.ms."
0.0671262537066624,0.0670787424128478,0.0671585947964911,0.0689900418819581,0.0671196104473894,0.528273912687923,0.0671303146184241,0.0671225294483044,"X5.dodecenoate..12.1n7...P..nt.ms."
0.125443225884248,0.125401470091942,0.125471613522676,0.127013057826388,0.125437391115943,0.120346494559032,0.125446791977882,0.12543995502189,"X5.hydroxyhexanoate..P..nt.ms."
0.132945640984542,0.132948496111052,0.132943668550871,0.132757985806498,0.132946043207385,0.0695669041205845,0.132945394623547,0.13294586659552,"X5.hydroxyindoleacetate..P..nt.ms."
0.130873352644807,0.130973490004541,0.130804880026826,0.126373099610879,0.130887386630768,0.0883418008835065,0.130864768700932,0.130881221497741,"X5.hydroxylysine..P..nt.ms."
0.137684774105752,0.137993017217316,0.137474512905871,0.12471332216448,0.137727919990309,0.0490390974208742,0.137658392350103,0.137708963845295,"X5.methylthioadenosine..MTA...P..nt.ms."
0.131414279205565,0.131594400127836,0.131291092178815,0.123312552058469,0.131439525083672,0.08812087960357,0.131398837082828,0.131428434659244,"X5.methyluridine..ribothymidine...P..nt.ms."
0.123122916121682,0.123168505198176,0.123091367866573,0.120410486741569,0.123129344558484,0.140831879557477,0.123118977835267,0.123126522120771,"X5.oxoproline..P..nt.ms."
0.111971351559611,0.111993563704204,0.111955839415422,0.110409333420836,0.111974498429052,0.217752874781823,0.111969421319976,0.111973117369076,"X5.6.dihydrothymine..P..nt.ms."
0.120970164608879,0.120955425170881,0.120979999112737,0.121192873290319,0.120968124460393,0.15299298326482,0.120971408368041,0.12096902172393,"X5.6.dihydrouracil..P..nt.ms."
0.132353402838082,0.132589980074982,0.132191765355782,0.121983888537017,0.132386544831024,0.0837892997587848,0.132333133608195,0.132371984996133,"X5alpha.androstan.3alpha..17beta.diol.17.glucosiduronate..P..nt.ms."
0.130158033171529,0.130172987387933,0.130147688332923,0.129266549168278,0.130160141448737,0.0897786430789749,0.130156741628012,0.130159215783613,"X5alpha.androstan.3alpha.17alpha.diol.disulfate..P..nt.ms."
0.133017296440544,0.133130961896176,0.132939632358831,0.128024618726189,0.133033220203089,0.0738204881339543,0.133007557597844,0.133026224643373,"X5alpha.androstan.3alpha.17alpha.diol.monosulfate..P..nt.ms."
0.122063582666589,0.122024269055875,0.122090349814451,0.123623046708831,0.122058085002721,0.144013222739646,0.122066943401091,0.122060500610797,"X5alpha.androstan.3alpha.17beta.diol.disulfate..P..nt.ms."
0.131159955803242,0.131320420191748,0.131050357531836,0.124187113475516,0.131182431376554,0.0887809536602917,0.131146210634491,0.13117255732632,"X5alpha.androstan.3alpha.17beta.diol.monosulfate..1...P..nt.ms."
0.126607742056975,0.126512256689069,0.126672979471697,0.130790739874249,0.126594365703097,0.10960575119366,0.126615922845122,0.12660024216613,"X5alpha.androstan.3alpha.17beta.diol.monosulfate..2...P..nt.ms."
0.124917720673204,0.124919685368617,0.12491625486609,0.124611989330073,0.124918008830533,0.125880915811517,0.124917542362807,0.124917882757159,"X5alpha.androstan.3beta.17alpha.diol.disulfate..P..nt.ms."
0.129191418459973,0.129271066301259,0.129136906916598,0.125540704984084,0.129202586082928,0.0992750499949799,0.129184586908952,0.129197680351226,"X5alpha.androstan.3beta.17beta.diol.disulfate..P..nt.ms."
0.128380440399764,0.128533031607636,0.128276167623969,0.121661986668639,0.128401818650255,0.10798676271518,0.128367365436341,0.128392426898217,"X5alpha.androstan.3beta.17beta.diol.monosulfate..2...P..nt.ms."
0.117568861107511,0.117616983376348,0.117535685189513,0.114944370867154,0.117575633648949,0.179621092097138,0.117564714106609,0.117572659606778,"X5alpha.pregnan.3.alpha.or.beta..20beta.diol.disulfate..P..nt.ms."
0.119226502578579,0.119276378359063,0.119192188231922,0.116623692505564,0.119233514520749,0.167995078582936,0.119222210166011,0.119230435055176,"X5alpha.pregnan.3beta.20alpha.diol.disulfate..P..nt.ms."
0.123999642757664,0.123989187743236,0.124006575840561,0.124077455606273,0.123998200103773,0.131929581648091,0.124000521531124,0.123998834769277,"X5alpha.pregnan.3beta.20alpha.diol.monosulfate..2...P..nt.ms."
0.120138702649277,0.12018994861944,0.120103375180008,0.117344761990219,0.120145914599926,0.161800262750943,0.120134286619406,0.12014274759078,"X5alpha.pregnan.3beta.20beta.diol.monosulfate..1...P..nt.ms."
0.137381870993961,0.13756411887569,0.137257275602405,0.129245443997642,0.137407410115367,0.0463814394587874,0.137366250280308,0.137396190675841,"X6.hydroxyindole.sulfate..P..nt.ms."
0.132275013099716,0.132427382449433,0.13217089737916,0.125549660739352,0.132296359662527,0.0807317472548377,0.1322619576064,0.132286981808576,"X6.oxopiperidine.2.carboxylic.acid..P..nt.ms."
0.122941674341971,0.122937616593361,0.12294412625972,0.122548345238867,0.122941139431645,0.139803726265768,0.12294199609472,0.122941375773947,"X7.alpha.hydroxy.3.oxo.4.cholestenoate..7.Hoca...P..nt.ms."
0.135426105364899,0.135485662100949,0.135385260906052,0.132533860786227,0.135434464674855,0.054882862897698,0.13542099033542,0.135430792933901,"X7.hydroxyindole.sulfate..P..nt.ms."
0.115597517411841,0.115660580213924,0.115554236521392,0.11250450461569,0.115606372205176,0.193882207406577,0.115592098663283,0.115602482962115,"X7.methylguanine..P..nt.ms."
0.133901203562796,0.133997765681976,0.133835220088636,0.129626928195981,0.133914731818102,0.0669224322890028,0.133892929697496,0.13390878866601,"X7.methylxanthine..P..nt.ms."
0.118649965631184,0.118693911780237,0.118619777491163,0.116428191734634,0.118656139042895,0.171652399364228,0.118646187312533,0.118653427643126,"X9.10.DiHOME..P..nt.ms."
0.0884515365771149,0.0884054304649061,0.0884829159088909,0.0902526646421546,0.0884450903485849,0.37905896230166,0.0884554769590122,0.0884479227976758,"acetoacetate..P..nt.ms."
0.0757935555178816,0.0757676793909527,0.0758111011899059,0.0766899678869238,0.075789944542735,0.468560458309611,0.0757957616948307,0.0757915314671591,"acetylcarnitine..P..nt.ms."
0.133716051323343,0.133732988667728,0.13370423454249,0.132525304597176,0.133718449654484,0.0651709937414617,0.133714580417642,0.133717397055675,"acisoga..P..nt.ms."
0.130463563050039,0.130560945693879,0.13039694880524,0.126044971656772,0.130477213616198,0.0911299269505039,0.130455213201639,0.130471217025729,"adenine..P..nt.ms."
0.125799936272556,0.125705875626695,0.125864104446966,0.129728083309997,0.125786769510705,0.115514689270286,0.125807987263425,0.12579255429937,"adenosine..P..nt.ms."
0.118014507670916,0.117999727295452,0.11802434750516,0.118192489624831,0.118012464148904,0.173727347653052,0.118015753111986,0.118013362989697,"adenosine.3..5..cyclic.monophosphate..cAMP...P..nt.ms."
0.130065499933507,0.130056351916287,0.130071650928579,0.13027818528937,0.13006422876716,0.0893330198430613,0.130066275692907,0.13006478762913,"adenosine.5..diphosphate..ADP...P..nt.ms."
0.12999881179044,0.129892917003786,0.130071175914984,0.134649509502037,0.129983975637328,0.085405231178985,0.130007885619221,0.129990493353218,"adenosine.5..monophosphate..AMP...P..nt.ms."
0.112531594899477,0.11261839073539,0.112472122937398,0.108427894348037,0.112543771896683,0.216343657393395,0.112524144737376,0.112538423052244,"adipoylcarnitine..P..nt.ms."
0.138680228403087,0.138870995962547,0.138550054967671,0.130564223544252,0.138706935582539,0.037268462161304,0.138663897403975,0.138695201974625,"alanine..P..nt.ms."
0.13123984282691,0.131279892515828,0.131212273198746,0.129117573876467,0.131245474966281,0.0834255462663476,0.131236394809291,0.13124300154013,"allantoin..P..nt.ms."
0.133376259791192,0.133353357095911,0.133391790127142,0.134175370472228,0.133373063675755,0.0655774780422646,0.133378212518375,0.133374468277132,"alliin..P..nt.ms."
0.132132175865432,0.132109748757899,0.132147402987387,0.132932713485718,0.132129044080584,0.0742844048805089,0.132134089613243,0.132130420329228,"alpha.CEHC.sulfate..P..nt.ms."
0.101393255512591,0.101489893348653,0.101327097481015,0.0969249758679368,0.101406807258997,0.294672151012247,0.101384965215501,0.101400854303059,"alpha.hydroxyisocaproate..P..nt.ms."
0.118308365024912,0.118428444074369,0.118226222227261,0.112858477731479,0.118325197378927,0.177237421625639,0.118298068871017,0.118317803066395,"alpha.hydroxyisovalerate..P..nt.ms."
0.104188310713558,0.104284399266281,0.104122629530099,0.0999161722601854,0.104201774874928,0.274910777694614,0.104180075690663,0.104195859969671,"alpha.ketobutyrate..P..nt.ms."
0.120321256469802,0.120310396630273,0.120328461931404,0.120406268626228,0.120319757541189,0.15767127226512,0.120322169589138,0.120320416946846,"alpha.ketoglutarate..P..nt.ms."
0.123894283273045,0.123802342316678,0.123957272057397,0.12825664071417,0.1238813853802,0.128418850985551,0.123902174353253,0.123887050919706,"alpha.tocopherol..P..nt.ms."
0.12927336127088,0.129286311154928,0.129264449643704,0.128594583860261,0.129275182101609,0.095759482920333,0.129272246599933,0.129274382448351,"andro.steroid.monosulfate..1...P..nt.ms."
0.131577606438478,0.13171047205371,0.131486835814876,0.125768423531654,0.131596218728399,0.0847061779062891,0.131566223522199,0.131588042004395,"androsterone.sulfate..P..nt.ms."
0.129879601090861,0.129872742563709,0.129884098284815,0.12983751342355,0.129878660034161,0.0908881369000528,0.129880173453032,0.129879074249818,"anthranilate..P..nt.ms."
0.133344511554173,0.133306473190366,0.133370378309622,0.134784439685748,0.133339195571508,0.0651657095177616,0.133347760684448,0.133341531486374,"arabinose..P..nt.ms."
