"1","2","3","4","5","6","7","8","Metabolite"
0.125046545188572,0.124544631975451,0.125819020637481,0.125342947457141,0.124795987014591,0.124815238517024,0.124344090450087,0.125291538759652,"s1_t1"
0.125034221624333,0.124671253870994,0.125589729580593,0.125247822762581,0.124853223833252,0.124867145545684,0.124525787247497,0.125210815535065,"s1_t2"
0.125034293637384,0.124670872733289,0.125590332131393,0.125248122410935,0.124853080163997,0.124867019467344,0.124525201539425,0.125211077916233,"s1_t3"
0.125034905676418,0.124667302930283,0.125596134264006,0.125250905035203,0.124851683766497,0.124865784032697,0.124519783979494,0.125213500315401,"s1_t4"
0.125027311117671,0.124741516635868,0.125462677400113,0.125195009605958,0.124884925828535,0.124895887768133,0.124626690073627,0.125165981570096,"s1_t5"
0.125032044735074,0.124694605995987,0.125547204863513,0.125230315039491,0.124863858935423,0.124876802236891,0.124559187529824,0.125195980663797,"s1_t6"
0.125036694403027,0.124650910087094,0.125625337141898,0.125263292867393,0.12484443292153,0.124859231665811,0.124496043495189,0.125224057418057,"s1_t7"
0.12502322953632,0.124787683999845,0.125378050471458,0.125160481167245,0.124906134100862,0.124915170476219,0.124692474475466,0.125136775772583,"s1_t8"
0.125021161471227,0.124807756394137,0.125341989950365,0.125145357955697,0.124915113568309,0.124923300389026,0.1247214045639,0.125123915707339,"s1_t9"
0.125034778916366,0.12467256655025,0.1255856419231,0.125247095578988,0.124854380689995,0.124868276506585,0.124526902954138,0.125210356880577,"s1_t10"
0.125056719926551,0.124438395812213,0.126011817623139,0.125422690042182,0.124747832204885,0.124771552194892,0.124191820782515,0.125359171413623,"s1_t11"
0.125061545843148,0.124387998464281,0.126103279194785,0.125460519683144,0.124724986918187,0.124750825844918,0.124119588311098,0.125391255740439,"s1_t12"
0.125056342177072,0.12444081545181,0.12600779586417,0.125420816452768,0.124748810146931,0.124772423330337,0.124195447780027,0.125357548796884,"s1_t13"
0.125067887096767,0.124318216012822,0.126230778241867,0.125512768903218,0.124693075417359,0.124721834932745,0.124019948395024,0.125435491000197,"s1_t14"
0.12506798987106,0.124315096105628,0.126236932754568,0.125515035417293,0.124691500763764,0.124720383613134,0.12401569345568,0.125437368018873,"s1_t15"
0.125074767487695,0.124246971400985,0.126359925304996,0.125566270328305,0.124660827081819,0.124692583991337,0.12391777404048,0.125480880364384,"s1_t16"
0.125077599534167,0.124215424839267,0.126417652156948,0.125589876853524,0.124646372823572,0.124679448736526,0.123872766952356,0.12550085810364,"s1_t17"
0.125071763330971,0.124276724162294,0.126306322430322,0.125543876343532,0.124674187921441,0.124704687928149,0.123960586277642,0.125461851605649,"s1_t18"
0.125066135427901,0.124341682204805,0.12618694753496,0.12549534482024,0.124704118354106,0.124731911018316,0.12405303305966,0.125420827580013,"s1_t19"
0.125061036608107,0.124398294383868,0.126083398612812,0.125452973533225,0.124730044831663,0.124755470555948,0.124133815590608,0.125384965883769,"s1_t20"
0.125051460257065,0.124488644295297,0.125921744378056,0.125384803692564,0.124770241318148,0.124791827953571,0.124264343208075,0.125326934897224,"s1_t21"
0.125057720859889,0.12442356602421,0.12603977567114,0.125433664771775,0.124740764546123,0.124765088188694,0.124171038064351,0.125368381873817,"s1_t22"
0.125048584969843,0.124515349969537,0.125874077733924,0.125364635299506,0.124782086799098,0.124802538067742,0.124302971024836,0.125309756135513,"s1_t23"
0.125051212443218,0.124488748914286,0.125922151878161,0.125384633822413,0.124770094075947,0.124791666686563,0.124264756311949,0.125326735867463,"s1_t24"
0.125041753834119,0.124585288815579,0.125747489150597,0.125312085400739,0.124813680780021,0.124831186549822,0.124403359145363,0.125265156323761,"s1_t25"
0.125041739385146,0.124585354233006,0.12574739058666,0.125312033246422,0.124813703634052,0.124831206404561,0.124403462280785,0.125265110229367,"s1_t26"
0.125032137150013,0.12468237835594,0.125572092969563,0.125239083814992,0.124857430131943,0.124870842435142,0.124542866849137,0.125203168293269,"s1_t27"
0.125032746887649,0.124677361669362,0.125580873206712,0.125242899031371,0.124855262150831,0.124868890314385,0.124535532864402,0.125206433875287,"s1_t28"
0.125038864314154,0.12461797709376,0.125687563312151,0.125287640475107,0.124828695888188,0.124844837230101,0.124449942122665,0.125244479563874,"s1_t29"
0.125058545916122,0.124410001725927,0.126065584619571,0.125443663380843,0.124734228473124,0.124759104163999,0.12415211905653,0.125376752663886,"s1_t30"
0.125060814273522,0.124383718456558,0.126113910238522,0.125463295984302,0.124722111395118,0.124748082373763,0.124114721075804,0.12539334620241,"s1_t31"
0.12505064831575,0.124490895257263,0.125919160142736,0.125382883554007,0.12477077417302,0.12479224316589,0.124268226591593,0.12532516879974,"s1_t32"
0.125025510067222,0.124750201172759,0.125449345111818,0.125188120798915,0.124888067180398,0.124898624384652,0.12464021630342,0.125159914980816,"s1_t33"
0.125031293126996,0.124690338651255,0.125557856100355,0.125233075041117,0.12486097273757,0.124874048674246,0.124554362111382,0.125198053557079,"s1_t34"
0.125023074661138,0.124776868749043,0.1254006571391,0.125168146451299,0.124900253903122,0.124909695722427,0.12467830167261,0.125143001701262,"s1_t35"
0.125031360358836,0.124694818175024,0.125548486008289,0.125229901346756,0.12486341099041,0.124876318501524,0.124560228248894,0.125195476370266,"s1_t36"
0.125046609929873,0.124541236347882,0.125825840542202,0.125345394696243,0.124794235459601,0.124813620233135,0.124339508429599,0.125293554361466,"s1_t37"
0.125049059452957,0.124517030972844,0.125869437038814,0.125363614993535,0.124783370648072,0.124803778018367,0.124304671064447,0.125309037810963,"s1_t38"
0.125048609059939,0.124526699645377,0.125850697654198,0.125356539499331,0.124788143163818,0.124808163174665,0.124318001083186,0.125303146719485,"s1_t39"
0.125041794540109,0.124593866898045,0.125729764917167,0.125305973598207,0.124818277402116,0.12483545953684,0.124414690719159,0.125260172388357,"s1_t40"
0.125041012347883,0.124600331582328,0.125718443288604,0.125301057998357,0.124821074490669,0.12483797849438,0.124424136105055,0.125255965692724,"s1_t41"
0.125058414328251,0.124418331629978,0.126048797980149,0.125437664735224,0.124738550701611,0.124763104372867,0.124163316995275,0.125371819256645,"s1_t42"
0.125062146538752,0.124375771464649,0.126126899958155,0.125469479198053,0.124718977357566,0.124745306861381,0.124102695939614,0.125398722681828,"s1_t43"
0.125063254940426,0.124366745867146,0.126142665914964,0.125476348272584,0.124715085731781,0.124741804036424,0.124089490429838,0.125404604806837,"s1_t44"
0.12505355004574,0.124467880582361,0.125959177985225,0.125400425251093,0.124760913876155,0.124783379963756,0.124234464365158,0.125340207930512,"s1_t45"
0.12505813870854,0.124425397681596,0.126034969675289,0.125432513575148,0.124742082724183,0.124766356281324,0.124172998101694,0.125367543252226,"s1_t46"
0.125056963222708,0.124439559729054,0.126008815296945,0.125421952251226,0.124748650506794,0.124772335974221,0.12419309536612,0.125358627652935,"s1_t47"
0.125037377319856,0.124643149227518,0.125639576769349,0.125269093249802,0.124840866604595,0.124855990767487,0.124484982759402,0.125228963301991,"s1_t48"
0.125034050967528,0.124681582807753,0.125568944288224,0.125240377652176,0.124858580042429,0.124872102983606,0.124539670643693,0.125204690614592,"s1_t49"
0.125038431529267,0.124637131087536,0.125649301066278,0.125273793515632,0.124838530580565,0.124853926432482,0.124475825861704,0.125233059926536,"s1_t50"
0.1250263020107,0.1247568358146,0.12543373831993,0.12518368152857,0.124892248068023,0.12490258627264,0.124648128007451,0.125156479978087,"s1_t51"
0.125036091742312,0.124658141040275,0.125611995236953,0.125257896685526,0.12484778589329,0.124862285948254,0.124506301601315,0.125219501852076,"s1_t52"
0.125030219741409,0.124716829605649,0.125506121950861,0.125213745453635,0.124874183723978,0.124886207089739,0.12459069444161,0.12518199799312,"s1_t53"
0.12503765648549,0.124641288559362,0.125642700701469,0.125270528632643,0.124840106041093,0.124855312092554,0.124482203593837,0.125230203893552,"s1_t54"
0.125037695214861,0.124643504844636,0.12563804989797,0.125268960635205,0.124841316592611,0.124856440045805,0.124485100655264,0.125228932113648,"s1_t55"
0.125030190545079,0.124721151534877,0.125497315398065,0.125210648180787,0.124876458574689,0.124888315388673,0.124596460542034,0.125179459835796,"s1_t56"
0.124974596465458,0.125243200704911,0.124563925231274,0.124816640710487,0.125108505627806,0.125098198688934,0.125350931710902,0.124844000860227,"s2_t1"
0.124938193139653,0.125588357989137,0.123945912956924,0.124556273046335,0.125262213328789,0.125237274875066,0.125849368013653,0.124622406650444,"s2_t2"
0.124928620584451,0.125674758535396,0.123792354112505,0.124490923836701,0.1253003101453,0.125271691813171,0.125974657031038,0.124566683941438,"s2_t3"
0.124916512398315,0.125790626320092,0.123584612466857,0.124403560820639,0.125352002185509,0.125318477590337,0.126141851380492,0.12449235683776,"s2_t4"
0.124912263930642,0.125827432522497,0.123519620399071,0.12437565845512,0.125368090212168,0.125332991359668,0.126195417344673,0.124468525776161,"s2_t5"
0.124921489544866,0.12574626680104,0.123663299880347,0.124437134282436,0.125332494929679,0.125300863154586,0.126077452269292,0.124520999137753,"s2_t6"
0.124923639572828,0.125727240716549,0.12369701264274,0.124451539515312,0.125324141086418,0.125293321745784,0.126049812677382,0.124533292042987,"s2_t7"
0.124925991246777,0.125706158561477,0.123734443783047,0.12446749033527,0.125314858846184,0.125284938411532,0.126019221936884,0.124546896878829,"s2_t8"
0.124922641792562,0.125735159827093,0.123683237742839,0.124445504532281,0.125327533596495,0.125296372124445,0.126061431872223,0.124528118512062,"s2_t9"
0.124930633752639,0.125658440040321,0.123820853567803,0.124503340359666,0.125293285967838,0.125265372793152,0.125950754791308,0.124577318727274,"s2_t10"
0.124973959638661,0.125246735551105,0.124558266899527,0.124813868233666,0.125109865766356,0.125099402624268,0.125356319713489,0.124841581572929,"s2_t11"
0.124953089805583,0.125446477266783,0.124200133181589,0.124663269177276,0.125198977718204,0.125180054507702,0.125644543946895,0.124713454395967,"s2_t12"
0.124951354519306,0.12546443630885,0.124167583045957,0.12464978143497,0.125207106640371,0.125187428225385,0.125670298266388,0.124702011558773,"s2_t13"
0.125011981312238,0.124881840718903,0.125212774886151,0.125088946982303,0.124946987024429,0.124951978828628,0.124829898995895,0.125075591251453,"s2_t14"
0.12497842044638,0.125204749262076,0.124633367035526,0.124845551050982,0.125091195992219,0.12508251478822,0.12529564756426,0.124868553860337,"s2_t15"
0.125017479582001,0.124826410228507,0.125312892640607,0.125130628281829,0.124922016086005,0.124929344921481,0.124750242327441,0.125110985932129,"s2_t16"
0.124976396769431,0.125220279064383,0.124606521261464,0.124833690950633,0.125097793861262,0.125088438341666,0.125318508461358,0.124858371289804,"s2_t17"
0.124984853951048,0.125139237776734,0.124751853854936,0.124894788809235,0.125061630222779,0.125055707828042,0.125201577337517,0.124910350219709,"s2_t18"
0.124965880355584,0.125326742267307,0.124414120356429,0.124753651050599,0.12514579098688,0.125131949735577,0.125471451364075,0.12479041388355,"s2_t19"
0.124956941344539,0.125414103319949,0.124257013563238,0.124687854425626,0.125184921651497,0.125167388200659,0.125597298839051,0.124734478655442,"s2_t20"
0.124952878707175,0.125444907724923,0.124203866793389,0.124664318032214,0.125197964431172,0.125179088006633,0.125642716636756,0.124714259667739,"s2_t21"
0.124984427315082,0.125149392467158,0.124732046863322,0.124887380717872,0.125066678148135,0.125060346035551,0.125215536279488,0.124904192173392,"s2_t22"
0.124965303404121,0.125329002433085,0.124410901833795,0.124751825166687,0.125146514517797,0.125132559722275,0.125475111537963,0.124788781384276,"s2_t23"
0.124979259244349,0.125201353406458,0.124638232231968,0.124848302438964,0.125090075031097,0.125081551813557,0.125290221112113,0.124871004721493,"s2_t24"
0.124937163693216,0.125592593276001,0.123939776269557,0.124552860282356,0.125263617900328,0.125238475560262,0.125856144788992,0.124619368229289,"s2_t25"
0.124932135362643,0.125637892741576,0.123859288620339,0.124518594839487,0.125283583840351,0.125256511436784,0.125921845019123,0.124590148139697,"s2_t26"
0.124944716538455,0.12552749308005,0.12405463466874,0.124602226014898,0.125235194461517,0.1252128385921,0.125761356860748,0.124661539783491,"s2_t27"
0.124936049946975,0.125606999979351,0.123912973160461,0.124542145234376,0.125270368661279,0.125244631005663,0.125876490376414,0.124610341635481,"s2_t28"
0.124928066159037,0.125680253735537,0.123782449234916,0.124486789905604,0.125302777199725,0.125273925047881,0.125982567772443,0.124563170944856,"s2_t29"
0.124953197362764,0.125439250061702,0.124214693515346,0.124668479119027,0.12519521683829,0.125176570185332,0.125634855403403,0.124717737514135,"s2_t30"
0.124962039167958,0.12535330775878,0.124369133542915,0.124733223775614,0.125156762260879,0.125141750195654,0.125510993806482,0.124772789491718,"s2_t31"
0.124970154998242,0.125276378813203,0.124506874966773,0.124791253828929,0.125122506621392,0.125110756763465,0.125399895471751,0.124822178536246,"s2_t32"
0.124943913920187,0.125528101111969,0.124055386222035,0.124601487362664,0.125234856939367,0.125212447808064,0.125763064384705,0.124660742251009,"s2_t33"
0.124942273392628,0.125546030463514,0.124022661170531,0.124588056443995,0.12524304819134,0.125219889004252,0.125788672478383,0.124649368855356,"s2_t34"
0.124941529664375,0.125552613874382,0.124010995569357,0.124583071825646,0.125245939051125,0.125222499001696,0.125798235737224,0.124645115276194,"s2_t35"
0.124954138165363,0.125436441584969,0.124218120898734,0.12467083938513,0.125194498457158,0.125175997080652,0.125630070218668,0.124719894209326,"s2_t36"
0.124943473809191,0.1255389316645,0.124034248977165,0.124593581127006,0.125240259762453,0.125217419550256,0.125777910717549,0.124654174391879,"s2_t37"
0.124942185279286,0.125552520574653,0.124009556723693,0.124583384908774,0.125246430351209,0.125223020502145,0.125797371712255,0.124645529947985,"s2_t38"
0.124925188262764,0.125711740615343,0.123724978056342,0.124463200484304,0.12531716691643,0.125287000586542,0.126027528463302,0.124543196614974,"s2_t39"
0.124964771979943,0.125343325449396,0.124382825411943,0.124741386644371,0.125153702064973,0.125139181230387,0.12549468485529,0.124780122363697,"s2_t40"
0.124958770431231,0.125398129819907,0.124285248175009,0.124699961433637,0.125177925435398,0.125161073173176,0.125574076032363,0.124744815499278,"s2_t41"
0.124980440551455,0.125189460509093,0.124659718027372,0.124857241355066,0.125084721163775,0.125076702963047,0.125273118861793,0.1248785965684,"s2_t42"
0.125016177149578,0.124840839055768,0.125286504564141,0.125119829890025,0.124928620646709,0.124935344556768,0.124770838630297,0.125101845506714,"s2_t43"
0.124985866074855,0.125129073449199,0.124770199066103,0.124902435290794,0.125057053497429,0.125051558421459,0.125186970189585,0.124916844010577,"s2_t44"
0.124971263790294,0.12527515543777,0.124506628385973,0.124792544518563,0.125122770132609,0.125111113159989,0.125397022344135,0.124823502230666,"s2_t45"
0.124949217090286,0.125488857363421,0.124122765708154,0.12463152516273,0.125218343263612,0.125197646256647,0.125705070901279,0.124686574253872,"s2_t46"
0.12494251523899,0.125555419169633,0.124002793293562,0.124581434531603,0.125248247593991,0.125224741509372,0.1258008326819,0.124644015980948,"s2_t47"
0.124967360812856,0.125327902079131,0.12440805064235,0.124753381961281,0.125147628038252,0.125133800486517,0.125471323729842,0.124790552249771,"s2_t48"
0.124937636885677,0.125603572767955,0.123916076300536,0.124545185000229,0.125269857336016,0.125244318032161,0.125870143087612,0.124613210589814,"s2_t49"
0.124937912204895,0.125598596768392,0.123925604979939,0.124548845380811,0.125267435162776,0.125242096498133,0.125863240407897,0.124616268597158,"s2_t50"
0.124939513151425,0.125583475646274,0.123952663140137,0.124560254676784,0.125260706055519,0.12523600857706,0.125841398490935,0.124625980261867,"s2_t51"
0.124932636190157,0.125646935641187,0.123839494555226,0.124512314327486,0.125288814923849,0.125261420435393,0.125933246893789,0.124585137032912,"s2_t52"
0.124945720381804,0.125525635237684,0.124055961051796,0.124603926658694,0.12523503613528,0.125212795114403,0.125757752119184,0.124663173301154,"s2_t53"
0.124941413177495,0.125567403135655,0.123980931434284,0.124572455894585,0.125253717491475,0.125229709940396,0.125817957323248,0.124636411602862,"s2_t54"
0.124940239850302,0.125578048742537,0.123961997285846,0.124564405905966,0.125258416911806,0.125233956225359,0.125833386250856,0.124629548827327,"s2_t55"
0.124947853118037,0.125508376769802,0.124086085594565,0.124617063129501,0.125227608323249,0.125206111225252,0.125732476704504,0.12467442513509,"s2_t56"
0.124983378809857,0.125164614098009,0.124703408112931,0.124876108004444,0.125073916432465,0.125066960438824,0.125236888477569,0.124894725625901,"s3_t1"
0.124962385190381,0.125364458878909,0.124345374543122,0.124725387905753,0.125162982083361,0.125147556217296,0.125525385971705,0.124766469209474,"s3_t2"
0.124949066923718,0.125490831695559,0.124119077820033,0.124630062461129,0.12521926810587,0.125198485431234,0.125707865876775,0.124685341685682,"s3_t3"
0.124945770969323,0.125521234494368,0.124064864409651,0.124607094043753,0.125232733827565,0.125210659210299,0.125751869773691,0.12466577327135,"s3_t4"
0.12493789712618,0.125597029257831,0.123928855282263,0.124549962871626,0.12526658690215,0.125241304785244,0.125861186107313,0.124617177667392,"s3_t5"
0.124938139090154,0.125593716078044,0.123935055523267,0.124552421253809,0.125265022963732,0.125239877542848,0.125856522107695,0.124619245440452,"s3_t6"
0.124935410033366,0.125619385495843,0.12388914910775,0.124533048828167,0.125276436640007,0.125250202736637,0.125893614102335,0.124602753055895,"s3_t7"
0.124934939162905,0.12562340652723,0.123882065573647,0.12452999805177,0.125278188686361,0.125251782400277,0.125899473743586,0.124600145854224,"s3_t8"
0.124944433189332,0.125539290548045,0.124031131457716,0.124593683896956,0.125241243694577,0.125218428200223,0.125777298545612,0.124654490467541,"s3_t9"
0.124960679627377,0.125387103699083,0.124303136959719,0.124708559037265,0.125173631517709,0.125157276357579,0.125557308971268,0.12475230383,"s3_t10"
0.124983057756725,0.125163593804958,0.12470631460955,0.124876710306363,0.125073111990199,0.125066185608266,0.12523588530894,0.124895140614998,"s3_t11"
0.124993375397844,0.125063937785893,0.12488523038417,0.124951812271537,0.125028573214108,0.125025864925736,0.125092191364367,0.124959014656345,"s3_t12"
0.124976738926487,0.125221654845588,0.124602842486823,0.124832838396149,0.125098807573878,0.125089411627654,0.125319949064631,0.124857757078789,"s3_t13"
0.125021028043275,0.124794771902641,0.125369009004622,0.125154576801332,0.124908099569463,0.124916776872221,0.124704321385367,0.12513141642108,"s3_t14"
0.125005354644408,0.124951547381216,0.125086146030668,0.125036643128998,0.124978623926165,0.124980686332117,0.124929756528245,0.125031242028183,"s3_t15"
0.124981587300896,0.12517574126686,0.124685037481896,0.124867474934009,0.125078366041386,0.125070917144712,0.125253638733117,0.124887237097124,"s3_t16"
0.124994497032806,0.125054259551332,0.124902308959241,0.124959150830247,0.125024346561814,0.125022052583131,0.125078100978585,0.124965283502846,"s3_t17"
0.125005093276107,0.124951569554201,0.125086761326148,0.12503652525645,0.124978422864913,0.124980474399017,0.124930071118275,0.12503108220489,"s3_t18"
0.125001845887722,0.124982524092687,0.125031295290416,0.125013180974262,0.124992222539969,0.124992962131655,0.124974750957628,0.125011218125662,"s3_t19"
0.124975335079555,0.125241588283581,0.124565410645065,0.124818065783154,0.125108259889461,0.125098046468114,0.125347949325591,0.124845344525479,"s3_t20"
0.124979609449239,0.125198566035684,0.124643086502374,0.124850424917977,0.125088880988743,0.125080478758499,0.125286129236873,0.12487282411061,"s3_t21"
0.124968693391663,0.125302258685497,0.124457373306149,0.124772212605906,0.125135075131293,0.125122276998178,0.125435846530948,0.124806263350367,"s3_t22"
0.124979909484903,0.125195809422162,0.124647999929227,0.124852507837257,0.125087661248375,0.125079375759272,0.125282137488957,0.124874598829848,"s3_t23"
0.125007375590486,0.124930542659806,0.125124236241878,0.125052416727633,0.124969108822379,0.124972051728559,0.124899646694873,0.125044621534386,"s3_t24"
0.12499536564295,0.125047025982488,0.124914985174166,0.12496465289947,0.125021209087007,0.125019222775615,0.125067548608135,0.124969989830167,"s3_t25"
0.124970621587786,0.125279665554173,0.124498959769234,0.124789083910806,0.125124639226633,0.125112780567217,0.125403731512064,0.124820517872087,"s3_t26"
0.12497387282345,0.12525109835239,0.124549515121735,0.124810723961705,0.125112113496756,0.125101475056244,0.12536221124713,0.124838989940592,"s3_t27"
0.124993169167201,0.125069009271011,0.124875320345303,0.124948115596422,0.125031099644959,0.12502818658259,0.125099156100129,0.124955943292385,"s3_t28"
0.124944582238015,0.125527247054996,0.124055475370526,0.124602350730303,0.125234953122258,0.12521260141939,0.12576118088503,0.12466160917948,"s3_t29"
0.124971524001752,0.125268156412196,0.124520346701031,0.124797646563222,0.125119258254048,0.125107875912429,0.125387458047382,0.12482773410794,"s3_t30"
0.124997915648002,0.12501383057765,0.124976802183049,0.124989330141571,0.125005645406915,0.125005030382175,0.125020671300662,0.124990774359976,"s3_t31"
0.124999826516676,0.124994628612657,0.125011471326214,0.125003770653442,0.124997000771747,0.124997195856506,0.124993067940766,0.125003038321993,"s3_t32"
0.12497328769836,0.125253715692076,0.124545605677475,0.124808629844263,0.125113026241858,0.12510226611664,0.125366331659074,0.124837137070254,"s3_t33"
0.124976482581359,0.125223039387032,0.124600633633757,0.124831754584945,0.12509933201106,0.12508987138338,0.125322077402739,0.124856809015727,"s3_t34"
0.124996677918562,0.125040795925979,0.124924508445876,0.12496959848817,0.125018974731918,0.125017281281612,0.1250578132596,0.124974349948283,"s3_t35"
0.124980075848133,0.125191383468807,0.124656680388469,0.124855729774112,0.125085444617074,0.12507733676695,0.125276076688096,0.124877272448358,"s3_t36"
0.124968508591176,0.125305712311367,0.124450748589095,0.124769672468017,0.125136762594099,0.125123826661461,0.125440625860933,0.124804142923851,"s3_t37"
0.12497232154974,0.125273449129161,0.124507495269891,0.124794164606233,0.125122733089473,0.125111181462698,0.125393572988725,0.12482508190408,"s3_t38"
0.124972926773369,0.125269007048517,0.124515107001154,0.12479756750333,0.12512086723571,0.12510950940211,0.125387005588436,0.124828009447374,"s3_t39"
0.124974532612584,0.125256741349959,0.124536291016356,0.124806937917992,0.12511566216343,0.125104836983134,0.125368941828463,0.124836056128081,"s3_t40"
0.124975393302944,0.125238702197034,0.124571188405546,0.124820150997098,0.125106771011776,0.125096669990338,0.125344061326054,0.124847062769209,"s3_t41"
0.124999917931799,0.125003033976236,0.124993980072126,0.124997800466937,0.125001548413262,0.12500142734438,0.125004109840392,0.124998181954868,"s3_t42"
0.125002274971639,0.124975798235241,0.1250440346804,0.125018149193753,0.12498899598066,0.124990009717721,0.124965354940963,0.125015382279623,"s3_t43"
0.125025773315618,0.124743770638648,0.125461911423031,0.125192807713118,0.124884866388765,0.124895682090968,0.124631379385087,0.125163809044764,"s3_t44"
0.125013882657608,0.124864222542209,0.125244210554226,0.125102254666618,0.124939176089927,0.124944915734208,0.124804410822585,0.125086926932618,"s3_t45"
0.124991640779924,0.125081083139576,0.124854347642852,0.124938906330777,0.125036269219138,0.125032837621284,0.125116867568098,0.124948047698352,"s3_t46"
0.124978863585156,0.125211790470721,0.124617801033322,0.124840689597413,0.125095307436143,0.125086373425075,0.125304486430572,0.124864688021597,"s3_t47"
0.124968227364534,0.125315342231287,0.124431681311163,0.124762682863707,0.125141657534973,0.125128344867929,0.125453700651808,0.124798363174598,"s3_t48"
0.124968271108223,0.125316442581856,0.124429312980472,0.124761913266862,0.125142279200339,0.125128926070259,0.125455110002458,0.12479774478953,"s3_t49"
0.124991284165709,0.125097493868354,0.124821535795596,0.124927047602124,0.125044708445293,0.125040635541972,0.12513902442295,0.124938270158003,"s3_t50"
0.124981306994162,0.125193736680936,0.124648780744303,0.124854513021636,0.125087711307561,0.125079563737703,0.125277810967267,0.124876576546433,"s3_t51"
0.124951785283015,0.125471202101131,0.124152622104448,0.1246451091265,0.125211063556461,0.125191142678502,0.125678778043269,0.124698297106673,"s3_t52"
0.1249609472475,0.125385181552003,0.124306420031279,0.124710032252515,0.125172829806455,0.125156559269628,0.125554457208924,0.124753572631696,"s3_t53"
0.124962618398871,0.125367019152188,0.12433954797923,0.124723640977206,0.125164539928287,0.125149029697967,0.125528505102467,0.124765098763784,"s3_t54"
0.124959288682025,0.125397897547592,0.124284441161692,0.124700320510533,0.12517823068898,0.125161408592979,0.125573178422086,0.124745234394112,"s3_t55"
0.124965787775718,0.125340536062084,0.124386027753563,0.124743760906505,0.125153055919002,0.125138683375972,0.125489839385539,0.124782308821616,"s3_t56"
0.125013850139637,0.12487012972185,0.125232141955836,0.125098030484973,0.124942287848697,0.124947796080239,0.124812297343806,0.125083466424962,"s4_t1"
0.125010005629272,0.124910434551658,0.125158961668451,0.125067780840151,0.124960571199909,0.124964386509578,0.124870045010164,0.125057814590817,"s4_t2"
0.125008140519009,0.124929325728004,0.12512481846297,0.125053578953248,0.12496908859932,0.124972107766865,0.12489718323533,0.125045756735254,"s4_t3"
0.124991393278668,0.125091405471699,0.124833751762493,0.124931445206852,0.125041554400586,0.125037714573403,0.125130845466398,0.1249418898399,"s4_t4"
0.125011495552766,0.124904879723719,0.125166650206351,0.125072313675125,0.12495884107377,0.124962928949168,0.124861010631457,0.125061880187644,"s4_t5"
0.12498787039867,0.125130597422344,0.124762059647912,0.124902110132221,0.125059511625411,0.125054035500924,0.125186751767609,0.12491706350491,"s4_t6"
0.124989817845655,0.125119440214654,0.124780115305289,0.124910817612895,0.125055177681168,0.125050206135524,0.1251697738478,0.124924651357015,"s4_t7"
0.12497627861089,0.125244847528277,0.124556357379277,0.124816097248913,0.125110769241061,0.125100467847932,0.125351217807433,0.124843964336216,"s4_t8"
0.124974089971336,0.125264805646856,0.124520833074222,0.124801009476277,0.125119588865628,0.125108438082255,0.125380130731386,0.12483110415204,"s4_t9"
0.125008852960104,0.124929654284756,0.125122374457902,0.125053609592259,0.124969852007331,0.124972890814002,0.124896810758461,0.125045955125185,"s4_t10"
0.125066861158402,0.124326553304513,0.126216223035292,0.125506422515519,0.124696669345317,0.124725068184803,0.12403214692428,0.125430055531873,"s4_t11"
0.125046212885127,0.124542578454336,0.125824086896996,0.125344280804684,0.124794625978704,0.124813945232008,0.12434172183183,0.125292547916317,"s4_t12"
0.125052849728586,0.124468780151828,0.125959095813801,0.125399511006968,0.124760820831528,0.124783225471485,0.124236426218861,0.125339290776942,"s4_t13"
0.125071007830587,0.124282281979967,0.126296800054178,0.125539617990683,0.124676525260956,0.124706781966749,0.123968796765616,0.125458188151264,"s4_t14"
0.125067866668912,0.124316400401418,0.126234565986018,0.125514056042446,0.124692094511937,0.124720921538945,0.124017557456221,0.125436537394104,"s4_t15"
0.125060460457925,0.124387806220733,0.12610640833021,0.125460237311114,0.124723998091376,0.124749800920746,0.124120527534,0.125390761133896,"s4_t16"
0.12505202196932,0.124475954994308,0.125946429888354,0.125394070832668,0.124763958412984,0.124786055653046,0.124246863993643,0.125334644255676,"s4_t17"
0.125054862663283,0.124447187863059,0.125998420771073,0.125415697470905,0.12475098862349,0.124774298366002,0.12420553811159,0.125353006130597,"s4_t18"
0.125058411817096,0.124416279785725,0.126053032351779,0.125439124545459,0.124737460468966,0.124762093112178,0.124160586558446,0.125373011360351,"s4_t19"
0.125053748378335,0.124471202993771,0.125951860349091,0.125398126653993,0.12476284512123,0.124785192443834,0.124238646449279,0.125338377610467,"s4_t20"
0.125009196600682,0.124916552389397,0.125148417566686,0.125063103333216,0.124963161197819,0.124966710741172,0.124879062105393,0.125053796065634,"s4_t21"
0.125024267813125,0.124763968725962,0.125424169774974,0.12517781581312,0.124894370641508,0.12490435097456,0.12465986395002,0.125151192306732,"s4_t22"
0.12500502776327,0.124953032771761,0.125083904125788,0.12503546200114,0.124979143429914,0.124981132806029,0.124932100133387,0.125030196968712,"s4_t23"
0.125016571184536,0.124841953686813,0.125283218790145,0.125119189155498,0.124929534460592,0.124936227711663,0.124771888204581,0.125101416806172,"s4_t24"
0.125009117394578,0.124912013794551,0.125157937697025,0.125066315304467,0.124960681335911,0.12496440057683,0.124873132358135,0.125056401538505,"s4_t25"
0.125013490030224,0.124871352786285,0.125230531163014,0.125097019522441,0.124942642941805,0.124948090067713,0.124814320570428,0.125082552918089,"s4_t26"
0.125009640265732,0.124909548179591,0.125161696332604,0.125068274951333,0.124959799539865,0.124963633703677,0.124869277371621,0.125058129655577,"s4_t27"
0.125007785384085,0.124931363532435,0.125121521329469,0.125051988186808,0.124969881137324,0.12497280805177,0.124900281801113,0.125044370576996,"s4_t28"
0.12502938157762,0.124721574473165,0.125498465115285,0.125210041539892,0.124876017712,0.124887822140782,0.124597930403402,0.125178767037854,"s4_t29"
0.125057857015347,0.124417999610075,0.126050881861536,0.125437687736517,0.124737918265605,0.124762460903824,0.124163492337723,0.125371702269372,"s4_t30"
0.125048965697197,0.124506501367097,0.125891316269746,0.125371094948639,0.124777695782196,0.124798501277365,0.124290797622386,0.125315127035374,"s4_t31"
0.125055394211722,0.12444409827279,0.126003428702727,0.125418110715722,0.124749779173852,0.124773225730119,0.124200856431516,0.125355106761552,"s4_t32"
0.125037810505867,0.124627010069343,0.125671653079538,0.125280784186382,0.124832638192296,0.124848393232095,0.124463089678168,0.125238621056312,"s4_t33"
0.12503872524591,0.124623724799405,0.125676112105162,0.125283479255974,0.124831641423123,0.124847558862116,0.124457712886401,0.12524104542191,"s4_t34"
0.125028314982034,0.124730855971385,0.125482074944334,0.125203003063862,0.124880081387453,0.124891490140087,0.124611422757344,0.125172756753501,"s4_t35"
0.125034070485038,0.124674969811587,0.125582482390827,0.125245108270292,0.124855078605077,0.124868853009202,0.124530876863606,0.125208560564371,"s4_t36"
0.125020824571929,0.124810894133345,0.125336391266546,0.125142987743487,0.12491650711699,0.124924559662262,0.124725938783974,0.125121896721468,"s4_t37"
0.125026976906065,0.124749255477442,0.125447623055418,0.125189352813336,0.124888770037682,0.12489942323422,0.124637320760672,0.125161277715165,"s4_t38"
0.125036270498689,0.124660678310012,0.125606334731994,0.125256154168653,0.124849282099278,0.124863690027082,0.124509469484847,0.125218120679445,"s4_t39"
0.125020805279172,0.124815445441965,0.125327090584387,0.125139729281844,0.124918912641736,0.124926791384933,0.124731995909809,0.125119229476153,"s4_t40"
0.125037169089063,0.124643205786655,0.125639987070096,0.125268972347757,0.124840727055889,0.124855839407881,0.124485285760938,0.125228813481722,"s4_t41"
0.125028054552574,0.124732041619003,0.125480293230182,0.125202055838648,0.124880498884858,0.124891852872178,0.124613283304293,0.125171919698265,"s4_t42"
0.125039231176139,0.124611441078643,0.1257000881501,0.125292441472172,0.124825524367643,0.124841933121909,0.124440848485159,0.125248492148236,"s4_t43"
0.125049534314086,0.124506356265767,0.125890192560679,0.125371414051158,0.124778085822774,0.124798921467114,0.124289969333505,0.125315526184916,"s4_t44"
0.125059582799494,0.124403734069019,0.126075872890086,0.125448531677875,0.124731747595533,0.124756905707177,0.1241426426154,0.125380982645416,"s4_t45"
0.125035920822864,0.124651426275518,0.125626224496278,0.125262625344106,0.124844075386886,0.12485882367484,0.124497580036748,0.125223323962761,"s4_t46"
0.125030190904032,0.124715455199009,0.125509022478247,0.125214714989195,0.124873430123362,0.1248855036561,0.124588899822664,0.12518278282739,"s4_t47"
0.125043870040391,0.12458343758603,0.125746002123859,0.125314210716684,0.124814435113017,0.12483209947972,0.124398537829586,0.125267407110712,"s4_t48"
0.125014552948966,0.124876863290448,0.125216565857606,0.125093481971042,0.12494645102904,0.124951735151401,0.124820428982407,0.125079920769089,"s4_t49"
0.125008599226329,0.124937266086884,0.125107376552585,0.125048074753981,0.124973693944849,0.124976433105293,0.124907185519349,0.125041370810729,"s4_t50"
0.124996843228106,0.125040792891195,0.124924102448757,0.124969663208648,0.125019109222261,0.125017422485587,0.125057623627248,0.124974442888197,"s4_t51"
0.125023738327678,0.124789841455455,0.125372353933355,0.125159131046829,0.124907701800762,0.124916676923056,0.124694760669561,0.125135795843305,"s4_t52"
0.125001485029461,0.125006044301348,0.124983883187127,0.12499624457845,0.125004438795331,0.125004266366994,0.125006347112015,0.124997290629273,"s4_t53"
0.125035103124152,0.124672844215599,0.125584267406754,0.125247018200765,0.124854796451643,0.124868695251552,0.124526903114352,0.125210372235184,"s4_t54"
0.125031905935531,0.124704455453818,0.125527325614016,0.125223224769911,0.124868986388944,0.124881549421468,0.124572399280503,0.125190153135809,"s4_t55"
0.125025799043712,0.124767680259811,0.12541272204773,0.125175743984363,0.124897604659078,0.124907508520057,0.124663070008486,0.125149871476764,"s4_t56"
0.124973411777746,0.125256018356711,0.124540559653911,0.124807034780016,0.125114351703896,0.125103507566397,0.125369252552246,0.124835863609077,"s5_t1"
0.12494202517297,0.125550867213436,0.124013346054574,0.124584508204267,0.125245417288593,0.125222062104032,0.125795365209203,0.124646408752926,"s5_t2"
0.124936788981996,0.12560266066537,0.123920046695027,0.12454552260644,0.125268669386151,0.125243128285475,0.12586990250039,0.124613280879149,"s5_t3"
0.124934165814671,0.125628819166267,0.123872873171121,0.12452584033916,0.125280430853758,0.125253786982601,0.125907522729055,0.124596560943367,"s5_t4"
0.124929844281419,0.125673909150084,0.123791063319187,0.124491988507207,0.125300869870112,0.125272332654423,0.125972142307877,0.124567849909691,"s5_t5"
0.124946249865578,0.12552526465758,0.124055403958652,0.12460439180857,0.125235275408235,0.125213068066422,0.125756665014595,0.124663681220368,"s5_t6"
0.12496191652628,0.125381150555548,0.1243122786675,0.124713280257799,0.125171482127254,0.125155402727667,0.125548027690703,0.124756461447251,"s5_t7"
0.124959658725043,0.125401498004817,0.124276125623334,0.124697888411281,0.125180451581721,0.125163505791632,0.125577535633455,0.124743336228718,"s5_t8"
0.124941817373694,0.125564624088692,0.12398563238277,0.124574593890607,0.125252571885816,0.125228686049765,0.125813817810355,0.1246382565183,"s5_t9"
0.12496721152667,0.125333595156557,0.124396732945379,0.124749257406932,0.125150535040717,0.125136485002558,0.125479037273149,0.124787145648038,"s5_t10"
0.124985374128114,0.1251435617217,0.124741675618834,0.124891897215877,0.125064359084778,0.125058291974382,0.125206727092998,0.124908113163316,"s5_t11"
0.125002087484983,0.124985080744053,0.125025439409331,0.125011446349601,0.12499378120529,0.124994433904269,0.124977871413877,0.125009859488596,"s5_t12"
0.124991161070188,0.125089457255433,0.124838350590082,0.124932740793063,0.125040331470487,0.125036561394373,0.125128504471755,0.12494289295462,"s5_t13"
0.124981884157999,0.125175508345357,0.124684777752537,0.124867752169547,0.12507848711825,0.125071060552572,0.125252993985701,0.124887535918038,"s5_t14"
0.125011309430294,0.124893664490702,0.125190169222075,0.12508024608563,0.12495272580243,0.124957238417411,0.124846328744379,0.125068317807081,"s5_t15"
0.125000836873285,0.12499386440048,0.125010524501374,0.125004696612741,0.124997426875284,0.124997694017245,0.124990916355618,0.125004040363973,"s5_t16"
0.124998557075092,0.125010334283107,0.124982390803309,0.124992066417873,0.125004315163528,0.125003862491942,0.125015307312234,0.124993166452915,"s5_t17"
0.125020644014811,0.124795127191412,0.125369245359654,0.125154174148292,0.124907974635894,0.124916624681905,0.124705215471153,0.12513099449688,"s5_t18"
0.124984473250295,0.125151743539068,0.124727122523218,0.124885710753189,0.125067971897303,0.125061555511729,0.125218583551522,0.124902838973675,"s5_t19"
0.124976061026524,0.125239519081692,0.124567851279948,0.124819817543862,0.125107756926155,0.125097652872694,0.125344389010162,0.124846952258962,"s5_t20"
0.124955146651261,0.125436013278992,0.12421648846923,0.124671526150225,0.12519510158707,0.125176656655663,0.125628367573593,0.124720699633966,"s5_t21"
0.124951564634129,0.125467451184,0.124160858747761,0.124647711681336,0.125208881567493,0.125189092903096,0.125674068862345,0.124700370419839,"s5_t22"
0.124964704759741,0.125343893409213,0.124381821174259,0.124740957767658,0.125153947511855,0.125139401179795,0.125495518720395,0.124779755477086,"s5_t23"
0.124951585558933,0.125464203816503,0.124167474000184,0.12465004006841,0.125207170367796,0.125187506373102,0.125669741550273,0.124702278264799,"s5_t24"
0.12494561700207,0.125519124270095,0.124069576246393,0.124608544507998,0.125231482701808,0.125209483865747,0.125749249583516,0.124666921822372,"s5_t25"
0.124936304078642,0.125605535860513,0.123915347538087,0.124543286070941,0.125269799188817,0.125244129378447,0.125874261963905,0.124611335920646,"s5_t26"
0.124940492885155,0.125568356395549,0.123981254017845,0.12457143268689,0.125253463188278,0.125229379766899,0.125820268833492,0.124635352225892,"s5_t27"
0.124927638924073,0.12568807494065,0.123767459877916,0.124481038109865,0.125306589245754,0.125277422160028,0.125993409730279,0.124558367011436,"s5_t28"
0.124926972757041,0.125697063507653,0.123750666463864,0.12447436292625,0.125310825099684,0.125281288600075,0.126006070065443,0.124552750579991,"s5_t29"
0.124960592560059,0.125377186714398,0.124323709038544,0.124715614769139,0.125168279817211,0.12515229886917,0.125544269428946,0.124758048802533,"s5_t30"
0.124977651768339,0.125207740035207,0.124629135399182,0.124843126881765,0.125092152857652,0.125083324302436,0.125300482605137,0.124866386150283,"s5_t31"
0.124961596866506,0.125364650806455,0.124346948942577,0.124724950464161,0.125162435926385,0.125146973618933,0.125526522112473,0.124765921262511,"s5_t32"
0.124939037809784,0.125579934495465,0.123961110680471,0.124562608103528,0.125258427725408,0.125233845930965,0.125837246752902,0.124627788501477,"s5_t33"
0.124930627110683,0.125658172948603,0.123821417575247,0.124503529609722,0.125293138046963,0.125265233549692,0.125950409674022,0.124577471485067,"s5_t34"
0.124955325762751,0.125432722477204,0.124222803575088,0.124673943232786,0.125193498866919,0.125175187715289,0.125623799952295,0.124722718417668,"s5_t35"
0.124942923084118,0.125550447211818,0.124011982587192,0.124585142560808,0.125245936513319,0.125222635792628,0.125793787302375,0.124647144947742,"s5_t36"
0.124948438964894,0.125501783278707,0.124098161967596,0.124621996613691,0.125224581161652,0.125203358521393,0.125723080827501,0.124678598664565,"s5_t37"
0.124927865411832,0.125688957854961,0.123765092460413,0.124480488745715,0.125307248321077,0.125278058494169,0.125994315606074,0.124557973105758,"s5_t38"
